 **********
 **    5 **SHO COR       5e+04         0.1
 **********
 PARAMETER  CORRELATION COEFFICIENTS  
       NO.  GLOBAL      1      2      3      4      5      6      7      8      9     10     11     12     13     14     15     16
        1  0.99630   1.000  0.989  0.435  0.434  0.303  0.316  0.754  0.276  0.005  0.653  0.133 -0.504  0.527  0.542  0.485  0.495
        2  0.99584   0.989  1.000  0.438  0.437  0.306  0.319  0.748  0.275  0.002  0.660  0.127 -0.510  0.513  0.527  0.514  0.524
        3  0.99219   0.435  0.438  1.000  0.972  0.265  0.277  0.144  0.748 -0.122  0.602 -0.112 -0.473  0.506  0.519  0.498  0.511
        4  0.98737   0.434  0.437  0.972  1.000  0.265  0.276  0.143  0.742 -0.123  0.602 -0.113 -0.474  0.506  0.519  0.498  0.511
        5  0.97132   0.303  0.306  0.265  0.265  1.000  0.897  0.089  0.070  0.586  0.432 -0.087 -0.367  0.362  0.372  0.357  0.366
        6  0.96127   0.316  0.319  0.277  0.276  0.897  1.000  0.095  0.075  0.572  0.447 -0.094 -0.362  0.377  0.387  0.372  0.381
        7  0.99836   0.754  0.748  0.144  0.143  0.089  0.095  1.000  0.462  0.378  0.103  0.706 -0.033 -0.024 -0.023 -0.043 -0.049
        8  0.99494   0.276  0.275  0.748  0.742  0.070  0.075  0.462  1.000  0.263  0.089  0.491 -0.024  0.002  0.003 -0.005 -0.007
        9  0.98571   0.005  0.002 -0.122 -0.123  0.586  0.572  0.378  0.263  1.000 -0.291  0.563  0.291 -0.317 -0.325 -0.320 -0.330
       10  0.98407   0.653  0.660  0.602  0.602  0.432  0.447  0.103  0.089 -0.291  1.000 -0.327 -0.844  0.858  0.881  0.848  0.870
       11  0.99471   0.133  0.127 -0.112 -0.113 -0.087 -0.094  0.706  0.491  0.563 -0.327  1.000  0.236 -0.416 -0.426 -0.422 -0.436
       12  0.95209  -0.504 -0.510 -0.473 -0.474 -0.367 -0.362 -0.033 -0.024  0.291 -0.844  0.236  1.000 -0.702 -0.720 -0.694 -0.712
       13  0.89313   0.527  0.513  0.506  0.506  0.362  0.377 -0.024  0.002 -0.317  0.858 -0.416 -0.702  1.000  0.818  0.751  0.771
       14  0.91604   0.542  0.527  0.519  0.519  0.372  0.387 -0.023  0.003 -0.325  0.881 -0.426 -0.720  0.818  1.000  0.770  0.791
       15  0.88634   0.485  0.514  0.498  0.498  0.357  0.372 -0.043 -0.005 -0.320  0.848 -0.422 -0.694  0.751  0.770  1.000  0.806
       16  0.90967   0.495  0.524  0.511  0.511  0.366  0.381 -0.049 -0.007 -0.330  0.870 -0.436 -0.712  0.771  0.791  0.806  1.000
       17  0.80724   0.445  0.450  0.454  0.413  0.316  0.329 -0.020 -0.030 -0.279  0.748 -0.366 -0.614  0.662  0.679  0.655  0.672
                     1.000  0.668  0.471  0.488  0.497  0.515  0.444  0.463
       18  0.82791   0.456  0.461  0.465  0.423  0.324  0.337 -0.021 -0.031 -0.286  0.768 -0.376 -0.629  0.679  0.696  0.672  0.690
                     0.668  1.000  0.484  0.501  0.510  0.528  0.456  0.475
       19  0.70903   0.334  0.338  0.172  0.225  0.248  0.258 -0.055 -0.210 -0.246  0.594 -0.334 -0.494  0.531  0.545  0.526  0.540
                     0.471  0.484  1.000  0.520  0.398  0.413  0.357  0.372
       20  0.73346   0.345  0.350  0.177  0.232  0.257  0.267 -0.057 -0.219 -0.255  0.615 -0.346 -0.511  0.550  0.564  0.545  0.559
                     0.488  0.501  0.520  1.000  0.412  0.427  0.370  0.385
       21  0.75549   0.391  0.396  0.382  0.382  0.449  0.343 -0.002  0.009 -0.177  0.649 -0.293 -0.551  0.569  0.584  0.563  0.578
                     0.497  0.510  0.398  0.412  1.000  0.591  0.372  0.388
       22  0.78264   0.406  0.410  0.396  0.396  0.464  0.355 -0.002  0.010 -0.184  0.673 -0.303 -0.571  0.590  0.605  0.584  0.599
                     0.515  0.528  0.413  0.427  0.591  1.000  0.386  0.402
       23  0.68489   0.340  0.344  0.338  0.338  0.118  0.237 -0.019 -0.003 -0.336  0.575 -0.286 -0.471  0.509  0.522  0.504  0.517
                     0.444  0.456  0.357  0.370  0.372  0.386  1.000  0.489
       24  0.71330   0.355  0.359  0.353  0.353  0.122  0.245 -0.019 -0.003 -0.351  0.600 -0.298 -0.491  0.531  0.545  0.525  0.539
                     0.463  0.475  0.372  0.385  0.388  0.402  0.489  1.000
