 **********
 **    8 **SHO COR       5e+04         0.1
 **********
 PARAMETER  CORRELATION COEFFICIENTS  
       NO.  GLOBAL      1      2      3      4      5      6     10     11     12     13     14     15     16     17     18     19
        1  0.99353   1.000  0.979  0.966  0.956  0.939  0.935  0.969 -0.239 -0.142  0.885  0.896  0.857  0.869  0.802  0.813  0.720
        2  0.99296   0.979  1.000  0.965  0.955  0.938  0.934  0.968 -0.236 -0.143  0.862  0.873  0.882  0.894  0.802  0.813  0.720
        3  0.98546   0.966  0.965  1.000  0.944  0.928  0.924  0.959 -0.217 -0.158  0.854  0.865  0.850  0.861  0.845  0.857  0.714
        4  0.97752   0.956  0.955  0.944  1.000  0.919  0.914  0.949 -0.216 -0.156  0.845  0.856  0.840  0.852  0.786  0.797  0.774
        5  0.97637   0.939  0.938  0.928  0.919  1.000  0.903  0.944 -0.146 -0.228  0.841  0.852  0.837  0.848  0.781  0.793  0.703
        6  0.96832   0.935  0.934  0.924  0.914  0.903  1.000  0.940 -0.151 -0.204  0.842  0.852  0.837  0.849  0.782  0.793  0.704
       10  0.99623   0.969  0.968  0.959  0.949  0.944  0.940  1.000 -0.044 -0.261  0.916  0.928  0.911  0.924  0.849  0.861  0.769
       11  0.98259  -0.239 -0.236 -0.217 -0.216 -0.146 -0.151 -0.044  1.000 -0.708  0.054  0.055  0.056  0.056  0.036  0.037  0.060
       12  0.95001  -0.142 -0.143 -0.158 -0.156 -0.228 -0.204 -0.261 -0.708  1.000 -0.213 -0.216 -0.214 -0.217 -0.188 -0.190 -0.177
       13  0.94628   0.885  0.862  0.854  0.845  0.841  0.842  0.916  0.054 -0.213  1.000  0.907  0.864  0.876  0.804  0.816  0.734
       14  0.95839   0.896  0.873  0.865  0.856  0.852  0.852  0.928  0.055 -0.216  0.907  1.000  0.876  0.888  0.814  0.826  0.743
       15  0.94277   0.857  0.882  0.850  0.840  0.837  0.837  0.911  0.056 -0.214  0.864  0.876  1.000  0.901  0.800  0.812  0.730
       16  0.95548   0.869  0.894  0.861  0.852  0.848  0.849  0.924  0.056 -0.217  0.876  0.888  0.901  1.000  0.811  0.823  0.740
       17  0.89432   0.802  0.802  0.845  0.786  0.781  0.782  0.849  0.036 -0.188  0.804  0.814  0.800  0.811  1.000  0.811  0.679
       18  0.90728   0.813  0.813  0.857  0.797  0.793  0.793  0.861  0.037 -0.190  0.816  0.826  0.812  0.823  0.811  1.000  0.689
       19  0.83095   0.720  0.720  0.714  0.774  0.703  0.704  0.769  0.060 -0.177  0.734  0.743  0.730  0.740  0.679  0.689  1.000
       20  0.84846   0.736  0.736  0.729  0.790  0.718  0.719  0.786  0.062 -0.180  0.750  0.760  0.746  0.756  0.694  0.704  0.705
                     1.000  0.636  0.649  0.575  0.592
       21  0.86389   0.765  0.765  0.758  0.749  0.842  0.742  0.795 -0.030 -0.163  0.739  0.748  0.735  0.745  0.685  0.695  0.622
                     0.636  1.000  0.762  0.569  0.586
       22  0.88180   0.781  0.781  0.773  0.765  0.860  0.757  0.811 -0.031 -0.166  0.754  0.764  0.751  0.761  0.699  0.709  0.635
                     0.649  0.762  1.000  0.581  0.598
       23  0.78983   0.672  0.671  0.665  0.657  0.650  0.757  0.704 -0.009 -0.114  0.666  0.675  0.663  0.672  0.617  0.626  0.562
                     0.575  0.569  0.581  1.000  0.642
       24  0.81253   0.691  0.691  0.684  0.677  0.669  0.779  0.725 -0.009 -0.118  0.686  0.695  0.682  0.692  0.635  0.645  0.579
                     0.592  0.586  0.598  0.642  1.000
