 **********
 **    5 **SHO COR       5e+04         0.1
 **********
 PARAMETER  CORRELATION COEFFICIENTS  
       NO.  GLOBAL      1      2      3      4      5      6      7      8      9     10     11     12     13     14     15     16
        1  0.99718   1.000  0.991  0.334  0.334  0.238  0.247  0.790  0.246  0.034  0.542  0.179 -0.470  0.432  0.444  0.409  0.415
        2  0.99687   0.991  1.000  0.336  0.336  0.240  0.248  0.788  0.246  0.033  0.546  0.178 -0.474  0.417  0.429  0.432  0.438
        3  0.99331   0.334  0.336  1.000  0.976  0.211  0.220  0.101  0.753 -0.121  0.521 -0.110 -0.420  0.433  0.445  0.431  0.441
        4  0.98899   0.334  0.336  0.976  1.000  0.211  0.221  0.100  0.748 -0.122  0.522 -0.111 -0.422  0.434  0.445  0.431  0.442
        5  0.97220   0.238  0.240  0.211  0.211  1.000  0.900  0.053  0.031  0.573  0.393 -0.104 -0.339  0.328  0.336  0.326  0.334
        6  0.96198   0.247  0.248  0.220  0.221  0.900  1.000  0.052  0.032  0.557  0.408 -0.115 -0.335  0.343  0.352  0.341  0.349
        7  0.99891   0.790  0.788  0.101  0.100  0.053  0.052  1.000  0.446  0.397  0.017  0.714 -0.048 -0.087 -0.089 -0.085 -0.094
        8  0.99611   0.246  0.246  0.753  0.748  0.031  0.032  0.446  1.000  0.289 -0.003  0.507  0.002 -0.079 -0.080 -0.074 -0.079
        9  0.98735   0.034  0.033 -0.121 -0.122  0.573  0.557  0.397  0.289  1.000 -0.349  0.595  0.299 -0.367 -0.376 -0.361 -0.373
       10  0.98241   0.542  0.546  0.521  0.522  0.393  0.408  0.017 -0.003 -0.349  1.000 -0.402 -0.846  0.857  0.879  0.850  0.873
       11  0.99623   0.179  0.178 -0.110 -0.111 -0.104 -0.115  0.714  0.507  0.595 -0.402  1.000  0.238 -0.478 -0.490 -0.467 -0.484
       12  0.95384  -0.470 -0.474 -0.420 -0.422 -0.339 -0.335 -0.048  0.002  0.299 -0.846  0.238  1.000 -0.689 -0.706 -0.685 -0.702
       13  0.89259   0.432  0.417  0.433  0.434  0.328  0.343 -0.087 -0.079 -0.367  0.857 -0.478 -0.689  1.000  0.817  0.750  0.770
       14  0.91549   0.444  0.429  0.445  0.445  0.336  0.352 -0.089 -0.080 -0.376  0.879 -0.490 -0.706  0.817  1.000  0.770  0.790
       15  0.88648   0.409  0.432  0.431  0.431  0.326  0.341 -0.085 -0.074 -0.361  0.850 -0.467 -0.685  0.750  0.770  1.000  0.807
       16  0.90997   0.415  0.438  0.441  0.442  0.334  0.349 -0.094 -0.079 -0.373  0.873 -0.484 -0.702  0.770  0.790  0.807  1.000
       17  0.80320   0.349  0.352  0.402  0.364  0.284  0.297 -0.086 -0.081 -0.320  0.744 -0.417 -0.598  0.657  0.674  0.651  0.669
                     1.000  0.662  0.453  0.469  0.484  0.502  0.434  0.452
       18  0.82414   0.359  0.361  0.411  0.373  0.292  0.305 -0.088 -0.084 -0.329  0.763 -0.428 -0.614  0.675  0.692  0.669  0.687
                     0.662  1.000  0.465  0.482  0.496  0.515  0.445  0.464
       19  0.70758   0.245  0.247  0.068  0.117  0.217  0.227 -0.114 -0.302 -0.279  0.577 -0.376 -0.466  0.517  0.531  0.512  0.527
                     0.453  0.465  1.000  0.518  0.380  0.394  0.342  0.356
       20  0.73177   0.254  0.256  0.070  0.121  0.225  0.235 -0.117 -0.312 -0.288  0.597 -0.389 -0.483  0.536  0.550  0.530  0.545
                     0.469  0.482  0.518  1.000  0.393  0.408  0.354  0.369
       21  0.74824   0.310  0.312  0.323  0.323  0.434  0.328 -0.052 -0.047 -0.195  0.637 -0.329 -0.532  0.557  0.571  0.552  0.567
                     0.484  0.496  0.380  0.393  1.000  0.581  0.354  0.370
       22  0.77584   0.322  0.324  0.335  0.335  0.450  0.340 -0.054 -0.048 -0.202  0.660 -0.341 -0.552  0.578  0.593  0.573  0.588
                     0.502  0.515  0.394  0.408  0.581  1.000  0.368  0.383
       23  0.67661   0.264  0.266  0.285  0.285  0.086  0.204 -0.067 -0.055 -0.362  0.564 -0.320 -0.453  0.499  0.512  0.495  0.508
                     0.434  0.445  0.342  0.354  0.354  0.368  1.000  0.477
       24  0.70525   0.275  0.277  0.297  0.298  0.089  0.212 -0.070 -0.057 -0.378  0.589 -0.333 -0.472  0.521  0.535  0.516  0.530
                     0.452  0.464  0.356  0.369  0.370  0.383  0.477  1.000
