 **********
 **    6 **SHO COR       5e+04         0.1
 **********
 PARAMETER  CORRELATION COEFFICIENTS  
       NO.  GLOBAL      1      2      3      4      5      6      7      8      9     10     11     13     14     15     16     17
        1  0.99497   1.000  0.984  0.112  0.111  0.075  0.090  0.753  0.058  0.001  0.295 -0.026  0.314  0.333  0.261  0.275  0.150
        2  0.99447   0.984  1.000  0.113  0.113  0.076  0.091  0.751  0.058 -0.000  0.299 -0.028  0.277  0.295  0.305  0.322  0.152
        3  0.99181   0.112  0.113  1.000  0.970  0.089  0.103 -0.079  0.792 -0.115  0.363 -0.222  0.234  0.249  0.231  0.246  0.262
        4  0.98603   0.111  0.113  0.970  1.000  0.088  0.102 -0.078  0.786 -0.114  0.362 -0.222  0.233  0.248  0.230  0.245  0.203
        5  0.96680   0.075  0.076  0.089  0.088  1.000  0.875 -0.052 -0.023  0.670  0.243 -0.148  0.157  0.167  0.155  0.165  0.118
        6  0.95268   0.090  0.091  0.103  0.102  0.875  1.000 -0.050 -0.019  0.648  0.281 -0.159  0.182  0.193  0.179  0.191  0.136
        7  0.99822   0.753  0.751 -0.079 -0.078 -0.052 -0.050  1.000  0.286  0.364 -0.253  0.626 -0.073 -0.078 -0.080 -0.088 -0.100
        8  0.99527   0.058  0.058  0.792  0.786 -0.023 -0.019  0.286  1.000  0.232 -0.120  0.395 -0.058 -0.062 -0.056 -0.061 -0.015
        9  0.98451   0.001 -0.000 -0.115 -0.114  0.670  0.648  0.364  0.232  1.000 -0.343  0.569 -0.199 -0.212 -0.196 -0.209 -0.148
       10  0.93353   0.295  0.299  0.363  0.362  0.243  0.281 -0.253 -0.120 -0.343  1.000 -0.657  0.642  0.684  0.634  0.675  0.482
       11  0.99632  -0.026 -0.028 -0.222 -0.222 -0.148 -0.159  0.626  0.395  0.569 -0.657  1.000 -0.387 -0.413 -0.381 -0.408 -0.289
       13  0.72241   0.314  0.277  0.234  0.233  0.157  0.182 -0.073 -0.058 -0.199  0.642 -0.387  1.000  0.555  0.415  0.441  0.311
       14  0.76823   0.333  0.295  0.249  0.248  0.167  0.193 -0.078 -0.062 -0.212  0.684 -0.413  0.555  1.000  0.441  0.470  0.331
       15  0.71672   0.261  0.305  0.231  0.230  0.155  0.179 -0.080 -0.056 -0.196  0.634 -0.381  0.415  0.441  1.000  0.546  0.307
       16  0.76164   0.275  0.322  0.246  0.245  0.165  0.191 -0.088 -0.061 -0.209  0.675 -0.408  0.441  0.470  0.546  1.000  0.327
       17  0.61204   0.150  0.152  0.262  0.203  0.118  0.136 -0.100 -0.015 -0.148  0.482 -0.289  0.311  0.331  0.307  0.327  1.000
       18  0.64096   0.158  0.160  0.274  0.213  0.124  0.143 -0.104 -0.016 -0.155  0.505 -0.303  0.326  0.347  0.322  0.343  0.392
                     1.000  0.129  0.135  0.174  0.184  0.152  0.162
       19  0.54413   0.086  0.087 -0.212 -0.148  0.067  0.078 -0.055 -0.329 -0.083  0.274 -0.163  0.177  0.188  0.174  0.186  0.122
                     0.129  1.000  0.310  0.094  0.100  0.083  0.088
       20  0.57034   0.090  0.092 -0.223 -0.156  0.070  0.082 -0.058 -0.345 -0.087  0.288 -0.171  0.186  0.198  0.184  0.196  0.129
                     0.135  0.310  1.000  0.099  0.105  0.087  0.092
       21  0.60283   0.110  0.112  0.125  0.124  0.376  0.225 -0.058 -0.022  0.023  0.340 -0.189  0.221  0.235  0.218  0.232  0.166
                     0.174  0.094  0.099  1.000  0.383  0.080  0.085
       22  0.63574   0.117  0.118  0.132  0.131  0.396  0.237 -0.061 -0.023  0.024  0.360 -0.200  0.233  0.248  0.230  0.245  0.175
                     0.184  0.100  0.105  0.383  1.000  0.085  0.090
       23  0.51665   0.101  0.102  0.109  0.109 -0.076  0.079 -0.039 -0.011 -0.210  0.297 -0.151  0.193  0.206  0.191  0.203  0.145
                     0.152  0.083  0.087  0.080  0.085  1.000  0.282
       24  0.54651   0.107  0.108  0.116  0.115 -0.082  0.082 -0.041 -0.011 -0.224  0.315 -0.160  0.205  0.218  0.203  0.216  0.154
                     0.162  0.088  0.092  0.085  0.090  0.282  1.000
