 **********
 **    6 **SHO COV       5e+04         0.1
 **********
 EXTERNAL ERROR MATRIX.    NDIM=  51    NPAR= 51    ERR DEF=1
 ELEMENTS ABOVE DIAGONAL ARE NOT PRINTED.
  8.601e-02 
  3.968e-02  3.405e-02 
  4.058e-02  2.261e-02  4.688e-02 
  1.934e-01  7.437e-02  8.010e-02  6.811e-01 
  7.927e-02  7.049e-02  4.012e-02  3.064e-01  2.644e-01 
  5.081e-02  2.250e-02  7.175e-02  2.233e-01  1.201e-01  1.899e-01 
  2.747e-02  1.598e-02  1.602e-02  4.487e-02  2.202e-02  1.164e-02  1.483e-02 
 -3.429e-03 -4.015e-03 -3.267e-03  4.616e-02  2.764e-02  2.367e-02 -4.711e-03  1.359e-02 
  9.875e-03  2.803e-03  5.897e-03  6.445e-02  3.307e-02  3.092e-02  5.536e-04  8.959e-03  1.801e-02 
  3.458e-03 -1.295e-03 -2.900e-04  7.617e-02  4.246e-02  3.430e-02 -1.045e-03  1.492e-02  1.228e-02  2.111e-02 
 -1.613e-02 -1.054e-02 -1.005e-02  6.908e-03  6.592e-03  8.985e-03 -8.289e-03  1.087e-02  5.488e-03  1.130e-02  1.144e-02 
 -1.014e-02 -9.009e-03 -6.845e-03  4.016e-02  2.227e-02  2.386e-02 -7.666e-03  1.421e-02  1.424e-02  1.707e-02  1.298e-02 
 -1.014e-02 -9.009e-03 -6.845e-03  4.016e-02  2.227e-02  2.386e-02 -7.666e-03  1.421e-02  1.424e-02  1.707e-02  1.298e-02  2.132e-02 
 -5.055e-02 -2.994e-02 -2.951e-02 -4.298e-02 -1.085e-02  5.019e-03 -3.285e-02  1.782e-02  6.110e-03  6.656e-03  2.241e-02 
 -5.055e-02 -2.994e-02 -2.951e-02 -4.298e-02 -1.085e-02  5.019e-03 -3.285e-02  1.782e-02  6.110e-03  6.656e-03  2.241e-02  2.456e-02  2.164e-01 
 -2.673e-01 -1.680e-01 -1.603e-01  7.049e-02  9.580e-02  1.378e-01 -1.334e-01  1.896e-01  8.406e-02  1.754e-01  2.003e-01 
 -2.673e-01 -1.680e-01 -1.603e-01  7.049e-02  9.580e-02  1.378e-01 -1.334e-01  1.896e-01  8.406e-02  1.754e-01  2.003e-01  2.037e-01  3.573e-01  4.525e+00 
 -1.807e-02 -1.544e-02  5.039e-03 -1.120e-01 -9.010e-02 -2.425e-02 -1.078e-03 -1.551e-02  4.589e-02 -2.112e-02 -9.155e-03 
 -1.807e-02 -1.544e-02  5.039e-03 -1.120e-01 -9.010e-02 -2.425e-02 -1.078e-03 -1.551e-02  4.589e-02 -2.112e-02 -9.155e-03  5.333e-02 -1.312e-02 -1.396e-01  2.916e+00 
  2.071e-05  1.753e-05  1.601e-05 -6.086e-05 -3.041e-05 -3.054e-05  1.467e-05 -2.405e-05 -1.585e-05 -2.923e-05 -2.265e-05 
  2.071e-05  1.753e-05  1.601e-05 -6.086e-05 -3.041e-05 -3.054e-05  1.467e-05 -2.405e-05 -1.585e-05 -2.923e-05 -2.265e-05 -2.978e-05 -5.016e-06 -3.560e-04  2.467e-05  9.454e-08 
  2.060e-05  1.748e-05  1.596e-05 -6.114e-05 -3.052e-05 -3.061e-05  1.464e-05 -2.405e-05 -1.586e-05 -2.924e-05 -2.263e-05 
  2.060e-05  1.748e-05  1.596e-05 -6.114e-05 -3.052e-05 -3.061e-05  1.464e-05 -2.405e-05 -1.586e-05 -2.924e-05 -2.263e-05 -2.977e-05 -4.890e-06 -3.557e-04  2.470e-05  6.477e-08  8.722e-08 
  1.908e-05  1.671e-05  1.519e-05 -6.365e-05 -3.152e-05 -3.117e-05  1.410e-05 -2.379e-05 -1.588e-05 -2.903e-05 -2.219e-05 
  1.908e-05  1.671e-05  1.519e-05 -6.365e-05 -3.152e-05 -3.117e-05  1.410e-05 -2.379e-05 -1.588e-05 -2.903e-05 -2.219e-05 -2.936e-05 -4.439e-06 -3.485e-04  2.478e-05  6.380e-08  6.379e-08  9.565e-08 
  1.916e-05  1.675e-05  1.523e-05 -6.340e-05 -3.143e-05 -3.110e-05  1.413e-05 -2.379e-05 -1.586e-05 -2.902e-05 -2.220e-05 
  1.916e-05  1.675e-05  1.523e-05 -6.340e-05 -3.143e-05 -3.110e-05  1.413e-05 -2.379e-05 -1.586e-05 -2.902e-05 -2.220e-05 -2.936e-05 -4.482e-06 -3.486e-04  2.476e-05  6.379e-08  6.378e-08  6.284e-08  8.772e-08 
  2.796e-05  1.787e-05  1.996e-05 -6.099e-05 -5.658e-05 -3.546e-05  1.767e-05 -2.891e-05 -1.763e-05 -3.542e-05 -2.735e-05 
  2.796e-05  1.787e-05  1.996e-05 -6.099e-05 -5.658e-05 -3.546e-05  1.767e-05 -2.891e-05 -1.763e-05 -3.542e-05 -2.735e-05 -3.523e-05 -2.494e-06 -4.290e-04  3.787e-05  7.438e-08  7.438e-08  7.319e-08  7.320e-08  2.412e-07 
  2.799e-05  1.787e-05  1.997e-05 -6.070e-05 -5.642e-05 -3.533e-05  1.768e-05 -2.886e-05 -1.759e-05 -3.535e-05 -2.731e-05 
  2.799e-05  1.787e-05  1.997e-05 -6.070e-05 -5.642e-05 -3.533e-05  1.768e-05 -2.886e-05 -1.759e-05 -3.535e-05 -2.731e-05 -3.517e-05 -2.445e-06 -4.284e-04  3.779e-05  7.431e-08  7.431e-08  7.311e-08  7.313e-08  1.109e-07  2.218e-07 
  2.031e-05  1.135e-05  1.555e-05 -7.412e-05 -6.909e-05 -3.927e-05  1.454e-05 -2.786e-05 -1.797e-05 -3.478e-05 -2.510e-05 
  2.031e-05  1.135e-05  1.555e-05 -7.412e-05 -6.909e-05 -3.927e-05  1.454e-05 -2.786e-05 -1.797e-05 -3.478e-05 -2.510e-05 -3.318e-05  2.674e-06 -3.933e-04  4.035e-05  7.024e-08  7.025e-08  6.921e-08  6.922e-08  1.064e-07  1.062e-07  2.463e-07 
  2.032e-05  1.134e-05  1.556e-05 -7.417e-05 -6.914e-05 -3.929e-05  1.456e-05 -2.788e-05 -1.798e-05 -3.480e-05 -2.511e-05 
  2.032e-05  1.134e-05  1.556e-05 -7.417e-05 -6.914e-05 -3.929e-05  1.456e-05 -2.788e-05 -1.798e-05 -3.480e-05 -2.511e-05 -3.320e-05  2.704e-06 -3.935e-04  4.037e-05  7.030e-08  7.031e-08  6.927e-08  6.927e-08  1.064e-07  1.062e-07  1.030e-07 
  2.032e-05  1.134e-05  1.556e-05 -7.417e-05 -6.914e-05 -3.929e-05  1.456e-05 -2.788e-05 -1.798e-05 -3.480e-05 -2.511e-05 -3.320e-05  2.704e-06 -3.935e-04  4.037e-05  7.030e-08  7.031e-08  6.927e-08  6.927e-08  1.064e-07  1.062e-07  1.030e-07  2.270e-07 
  7.300e-05  5.117e-05  5.103e-05 -5.916e-05 -3.813e-05 -7.373e-05  4.089e-05 -5.218e-05 -3.017e-05 -6.198e-05 -5.382e-05 
  7.300e-05  5.117e-05  5.103e-05 -5.916e-05 -3.813e-05 -7.373e-05  4.089e-05 -5.218e-05 -3.017e-05 -6.198e-05 -5.382e-05 -6.674e-05 -2.209e-05 -8.524e-04  5.462e-05  1.399e-07  1.399e-07  1.373e-07  1.374e-07  1.710e-07  1.709e-07  1.595e-07 
  7.300e-05  5.117e-05  5.103e-05 -5.916e-05 -3.813e-05 -7.373e-05  4.089e-05 -5.218e-05 -3.017e-05 -6.198e-05 -5.382e-05 -6.674e-05 -2.209e-05 -8.524e-04  5.462e-05  1.399e-07  1.399e-07  1.373e-07  1.374e-07  1.710e-07  1.709e-07  1.595e-07  1.596e-07  1.202e-06 
  7.293e-05  5.111e-05  5.087e-05 -5.883e-05 -3.793e-05 -7.368e-05  4.086e-05 -5.207e-05 -3.010e-05 -6.182e-05 -5.372e-05 
  7.293e-05  5.111e-05  5.087e-05 -5.883e-05 -3.793e-05 -7.368e-05  4.086e-05 -5.207e-05 -3.010e-05 -6.182e-05 -5.372e-05 -6.661e-05 -2.203e-05 -8.507e-04  5.443e-05  1.396e-07  1.396e-07  1.371e-07  1.371e-07  1.707e-07  1.706e-07  1.592e-07 
  7.293e-05  5.111e-05  5.087e-05 -5.883e-05 -3.793e-05 -7.368e-05  4.086e-05 -5.207e-05 -3.010e-05 -6.182e-05 -5.372e-05 -6.661e-05 -2.203e-05 -8.507e-04  5.443e-05  1.396e-07  1.396e-07  1.371e-07  1.371e-07  1.707e-07  1.706e-07  1.592e-07  1.593e-07  4.519e-07  1.076e-06 
  4.320e-05  3.447e-05  1.683e-05 -1.163e-04 -6.671e-05 -1.248e-04  2.906e-05 -4.940e-05 -3.417e-05 -6.121e-05 -4.614e-05 
  4.320e-05  3.447e-05  1.683e-05 -1.163e-04 -6.671e-05 -1.248e-04  2.906e-05 -4.940e-05 -3.417e-05 -6.121e-05 -4.614e-05 -6.127e-05 -1.438e-06 -7.300e-04  5.052e-05  1.270e-07  1.270e-07  1.251e-07  1.251e-07  1.550e-07  1.548e-07  1.467e-07 
  4.320e-05  3.447e-05  1.683e-05 -1.163e-04 -6.671e-05 -1.248e-04  2.906e-05 -4.940e-05 -3.417e-05 -6.121e-05 -4.614e-05 -6.127e-05 -1.438e-06 -7.300e-04  5.052e-05  1.270e-07  1.270e-07  1.251e-07  1.251e-07  1.550e-07  1.548e-07  1.467e-07  1.468e-07  4.117e-07  4.109e-07  1.221e-06 
  4.314e-05  3.443e-05  1.669e-05 -1.162e-04 -6.664e-05 -1.248e-04  2.905e-05 -4.935e-05 -3.414e-05 -6.113e-05 -4.608e-05 
  4.314e-05  3.443e-05  1.669e-05 -1.162e-04 -6.664e-05 -1.248e-04  2.905e-05 -4.935e-05 -3.414e-05 -6.113e-05 -4.608e-05 -6.120e-05 -1.419e-06 -7.290e-04  5.040e-05  1.269e-07  1.269e-07  1.249e-07  1.250e-07  1.548e-07  1.547e-07  1.466e-07 
  4.314e-05  3.443e-05  1.669e-05 -1.162e-04 -6.664e-05 -1.248e-04  2.905e-05 -4.935e-05 -3.414e-05 -6.113e-05 -4.608e-05 -6.120e-05 -1.419e-06 -7.290e-04  5.040e-05  1.269e-07  1.269e-07  1.249e-07  1.250e-07  1.548e-07  1.547e-07  1.466e-07  1.467e-07  4.110e-07  4.102e-07  3.950e-07  1.094e-06 
 -1.213e-05 -5.568e-06 -5.816e-06 -3.995e-05 -1.887e-05 -1.306e-05 -3.370e-06  2.994e-06 -3.658e-06 -4.087e-06  5.235e-06 
 -1.213e-05 -5.568e-06 -5.816e-06 -3.995e-05 -1.887e-05 -1.306e-05 -3.370e-06  2.994e-06 -3.658e-06 -4.087e-06  5.235e-06 -1.732e-06  4.929e-06  2.872e-04  5.902e-06  2.943e-09  2.958e-09  3.122e-09  3.104e-09  1.445e-09  1.433e-09  2.461e-09 
 -1.213e-05 -5.568e-06 -5.816e-06 -3.995e-05 -1.887e-05 -1.306e-05 -3.370e-06  2.994e-06 -3.658e-06 -4.087e-06  5.235e-06 -1.732e-06  4.929e-06  2.872e-04  5.902e-06  2.943e-09  2.958e-09  3.122e-09  3.104e-09  1.445e-09  1.433e-09  2.461e-09  2.468e-09 -1.772e-09 -1.780e-09  2.427e-09  2.433e-09  8.593e-08 
 -1.205e-05 -5.536e-06 -5.783e-06 -3.979e-05 -1.881e-05 -1.302e-05 -3.346e-06  2.987e-06 -3.651e-06 -4.086e-06  5.218e-06 
 -1.205e-05 -5.536e-06 -5.783e-06 -3.979e-05 -1.881e-05 -1.302e-05 -3.346e-06  2.987e-06 -3.651e-06 -4.086e-06  5.218e-06 -1.743e-06  4.884e-06  2.868e-04  5.889e-06  2.964e-09  2.979e-09  3.141e-09  3.124e-09  1.473e-09  1.461e-09  2.483e-09 
 -1.205e-05 -5.536e-06 -5.783e-06 -3.979e-05 -1.881e-05 -1.302e-05 -3.346e-06  2.987e-06 -3.651e-06 -4.086e-06  5.218e-06 -1.743e-06  4.884e-06  2.868e-04  5.889e-06  2.964e-09  2.979e-09  3.141e-09  3.124e-09  1.473e-09  1.461e-09  2.483e-09  2.490e-09 -1.703e-09 -1.711e-09  2.472e-09  2.478e-09  4.597e-08  7.607e-08 
 -8.169e-06 -3.752e-06 -3.957e-06 -3.092e-05 -1.517e-05 -1.068e-05 -2.114e-06  2.838e-06 -3.183e-06 -3.894e-06  4.492e-06 
 -8.169e-06 -3.752e-06 -3.957e-06 -3.092e-05 -1.517e-05 -1.068e-05 -2.114e-06  2.838e-06 -3.183e-06 -3.894e-06  4.492e-06 -2.168e-06  2.635e-06  2.739e-04  5.037e-06  3.841e-09  3.851e-09  3.945e-09  3.931e-09  2.673e-09  2.662e-09  3.339e-09 
 -8.169e-06 -3.752e-06 -3.957e-06 -3.092e-05 -1.517e-05 -1.068e-05 -2.114e-06  2.838e-06 -3.183e-06 -3.894e-06  4.492e-06 -2.168e-06  2.635e-06  2.739e-04  5.037e-06  3.841e-09  3.851e-09  3.945e-09  3.931e-09  2.673e-09  2.662e-09  3.339e-09  3.347e-09  1.484e-09  1.473e-09  4.318e-09  4.321e-09  4.523e-08  4.520e-08  8.302e-08 
 -8.149e-06 -3.744e-06 -3.949e-06 -3.092e-05 -1.518e-05 -1.069e-05 -2.106e-06  2.830e-06 -3.187e-06 -3.904e-06  4.483e-06 
 -8.149e-06 -3.744e-06 -3.949e-06 -3.092e-05 -1.518e-05 -1.069e-05 -2.106e-06  2.830e-06 -3.187e-06 -3.904e-06  4.483e-06 -2.180e-06  2.615e-06  2.737e-04  5.044e-06  3.863e-09  3.873e-09  3.966e-09  3.953e-09  2.697e-09  2.686e-09  3.362e-09 
 -8.149e-06 -3.744e-06 -3.949e-06 -3.092e-05 -1.518e-05 -1.069e-05 -2.106e-06  2.830e-06 -3.187e-06 -3.904e-06  4.483e-06 -2.180e-06  2.615e-06  2.737e-04  5.044e-06  3.863e-09  3.873e-09  3.966e-09  3.953e-09  2.697e-09  2.686e-09  3.362e-09  3.369e-09  1.531e-09  1.520e-09  4.359e-09  4.362e-09  4.522e-08  4.520e-08  4.464e-08  7.364e-08 
 -2.058e-05 -5.840e-06 -9.068e-06 -5.565e-05 -2.150e-05 -1.639e-05 -4.902e-06  4.796e-06 -3.676e-06 -3.416e-06  8.178e-06 
 -2.058e-05 -5.840e-06 -9.068e-06 -5.565e-05 -2.150e-05 -1.639e-05 -4.902e-06  4.796e-06 -3.676e-06 -3.416e-06  8.178e-06 -3.508e-07  5.263e-06  3.911e-04  7.559e-06 -2.177e-09 -2.141e-09 -1.798e-09 -1.809e-09  6.476e-09  6.434e-09  7.480e-09 
 -2.058e-05 -5.840e-06 -9.068e-06 -5.565e-05 -2.150e-05 -1.639e-05 -4.902e-06  4.796e-06 -3.676e-06 -3.416e-06  8.178e-06 -3.508e-07  5.263e-06  3.911e-04  7.559e-06 -2.177e-09 -2.141e-09 -1.798e-09 -1.809e-09  6.476e-09  6.434e-09  7.480e-09  7.447e-09 -1.106e-08 -1.105e-08 -4.422e-09 -4.402e-09  5.710e-08  5.705e-08  5.589e-08  5.588e-08  2.543e-07 
 -2.060e-05 -5.845e-06 -9.076e-06 -5.573e-05 -2.155e-05 -1.643e-05 -4.903e-06  4.779e-06 -3.687e-06 -3.431e-06  8.167e-06 
 -2.060e-05 -5.845e-06 -9.076e-06 -5.573e-05 -2.155e-05 -1.643e-05 -4.903e-06  4.779e-06 -3.687e-06 -3.431e-06  8.167e-06 -3.622e-07  5.256e-06  3.907e-04  7.578e-06 -2.158e-09 -2.123e-09 -1.780e-09 -1.791e-09  6.498e-09  6.456e-09  7.503e-09 
 -2.060e-05 -5.845e-06 -9.076e-06 -5.573e-05 -2.155e-05 -1.643e-05 -4.903e-06  4.779e-06 -3.687e-06 -3.431e-06  8.167e-06 -3.622e-07  5.256e-06  3.907e-04  7.578e-06 -2.158e-09 -2.123e-09 -1.780e-09 -1.791e-09  6.498e-09  6.456e-09  7.503e-09  7.470e-09 -1.102e-08 -1.101e-08 -4.383e-09 -4.362e-09  5.705e-08  5.701e-08  5.584e-08  5.583e-08  7.976e-08  2.289e-07 
 -2.420e-05 -8.977e-06 -1.115e-05 -6.231e-05 -2.790e-05 -1.840e-05 -6.375e-06  5.160e-06 -3.911e-06 -3.261e-06  9.135e-06 
 -2.420e-05 -8.977e-06 -1.115e-05 -6.231e-05 -2.790e-05 -1.840e-05 -6.375e-06  5.160e-06 -3.911e-06 -3.261e-06  9.135e-06  5.075e-07  8.054e-06  4.050e-04  8.931e-06 -3.831e-09 -3.791e-09 -3.377e-09 -3.391e-09  4.742e-09  4.701e-09  6.348e-09 
 -2.420e-05 -8.977e-06 -1.115e-05 -6.231e-05 -2.790e-05 -1.840e-05 -6.375e-06  5.160e-06 -3.911e-06 -3.261e-06  9.135e-06  5.075e-07  8.054e-06  4.050e-04  8.931e-06 -3.831e-09 -3.791e-09 -3.377e-09 -3.391e-09  4.742e-09  4.701e-09  6.348e-09  6.316e-09 -1.584e-08 -1.583e-08 -7.675e-09 -7.651e-09  5.733e-08  5.728e-08  5.595e-08  5.594e-08  7.997e-08  7.991e-08 
 -2.420e-05 -8.977e-06 -1.115e-05 -6.231e-05 -2.790e-05 -1.840e-05 -6.375e-06  5.160e-06 -3.911e-06 -3.261e-06  9.135e-06  5.075e-07  8.054e-06  4.050e-04  8.931e-06 -3.831e-09 -3.791e-09 -3.377e-09 -3.391e-09  4.742e-09  4.701e-09  6.348e-09  6.316e-09 -1.584e-08 -1.583e-08 -7.675e-09 -7.651e-09  5.733e-08  5.728e-08  5.595e-08  5.594e-08  7.997e-08  7.991e-08  2.481e-07 
 -2.423e-05 -8.971e-06 -1.116e-05 -6.246e-05 -2.795e-05 -1.846e-05 -6.376e-06  5.146e-06 -3.928e-06 -3.285e-06  9.130e-06 
 -2.423e-05 -8.971e-06 -1.116e-05 -6.246e-05 -2.795e-05 -1.846e-05 -6.376e-06  5.146e-06 -3.928e-06 -3.285e-06  9.130e-06  4.884e-07  8.034e-06  4.050e-04  8.958e-06 -3.806e-09 -3.766e-09 -3.351e-09 -3.366e-09  4.798e-09  4.757e-09  6.403e-09 
 -2.423e-05 -8.971e-06 -1.116e-05 -6.246e-05 -2.795e-05 -1.846e-05 -6.376e-06  5.146e-06 -3.928e-06 -3.285e-06  9.130e-06  4.884e-07  8.034e-06  4.050e-04  8.958e-06 -3.806e-09 -3.766e-09 -3.351e-09 -3.366e-09  4.798e-09  4.757e-09  6.403e-09  6.370e-09 -1.580e-08 -1.578e-08 -7.621e-09 -7.596e-09  5.735e-08  5.730e-08  5.597e-08  5.596e-08  8.002e-08  7.996e-08 
 -2.423e-05 -8.971e-06 -1.116e-05 -6.246e-05 -2.795e-05 -1.846e-05 -6.376e-06  5.146e-06 -3.928e-06 -3.285e-06  9.130e-06  4.884e-07  8.034e-06  4.050e-04  8.958e-06 -3.806e-09 -3.766e-09 -3.351e-09 -3.366e-09  4.798e-09  4.757e-09  6.403e-09  6.370e-09 -1.580e-08 -1.578e-08 -7.621e-09 -7.596e-09  5.735e-08  5.730e-08  5.597e-08  5.596e-08  8.002e-08  7.996e-08  8.046e-08  2.245e-07 
 -4.408e-05 -2.065e-05 -1.484e-05 -1.066e-04 -4.823e-05 -3.377e-05 -1.102e-05  9.632e-06 -6.242e-06 -3.209e-06  1.704e-05 
 -4.408e-05 -2.065e-05 -1.484e-05 -1.066e-04 -4.823e-05 -3.377e-05 -1.102e-05  9.632e-06 -6.242e-06 -3.209e-06  1.704e-05  2.930e-06  1.070e-05  7.115e-04  1.827e-05 -1.056e-08 -1.049e-08 -9.690e-09 -9.716e-09 -1.277e-08 -1.278e-08 -8.778e-09 
 -4.408e-05 -2.065e-05 -1.484e-05 -1.066e-04 -4.823e-05 -3.377e-05 -1.102e-05  9.632e-06 -6.242e-06 -3.209e-06  1.704e-05  2.930e-06  1.070e-05  7.115e-04  1.827e-05 -1.056e-08 -1.049e-08 -9.690e-09 -9.716e-09 -1.277e-08 -1.278e-08 -8.778e-09 -8.766e-09  2.065e-08  2.053e-08  3.112e-08  3.096e-08  9.707e-08  9.698e-08  9.460e-08  9.458e-08  1.264e-07  1.263e-07 
 -4.408e-05 -2.065e-05 -1.484e-05 -1.066e-04 -4.823e-05 -3.377e-05 -1.102e-05  9.632e-06 -6.242e-06 -3.209e-06  1.704e-05  2.930e-06  1.070e-05  7.115e-04  1.827e-05 -1.056e-08 -1.049e-08 -9.690e-09 -9.716e-09 -1.277e-08 -1.278e-08 -8.778e-09 -8.766e-09  2.065e-08  2.053e-08  3.112e-08  3.096e-08  9.707e-08  9.698e-08  9.460e-08  9.458e-08  1.264e-07  1.263e-07  1.276e-07  1.277e-07  1.253e-06 
 -4.394e-05 -2.059e-05 -1.478e-05 -1.063e-04 -4.812e-05 -3.369e-05 -1.098e-05  9.577e-06 -6.234e-06 -3.219e-06  1.697e-05 
 -4.394e-05 -2.059e-05 -1.478e-05 -1.063e-04 -4.812e-05 -3.369e-05 -1.098e-05  9.577e-06 -6.234e-06 -3.219e-06  1.697e-05  2.902e-06  1.064e-05  7.086e-04  1.824e-05 -1.049e-08 -1.042e-08 -9.628e-09 -9.654e-09 -1.270e-08 -1.270e-08 -8.714e-09 
 -4.394e-05 -2.059e-05 -1.478e-05 -1.063e-04 -4.812e-05 -3.369e-05 -1.098e-05  9.577e-06 -6.234e-06 -3.219e-06  1.697e-05  2.902e-06  1.064e-05  7.086e-04  1.824e-05 -1.049e-08 -1.042e-08 -9.628e-09 -9.654e-09 -1.270e-08 -1.270e-08 -8.714e-09 -8.702e-09  2.066e-08  2.054e-08  3.109e-08  3.093e-08  9.669e-08  9.661e-08  9.423e-08  9.421e-08  1.259e-07  1.258e-07 
 -4.394e-05 -2.059e-05 -1.478e-05 -1.063e-04 -4.812e-05 -3.369e-05 -1.098e-05  9.577e-06 -6.234e-06 -3.219e-06  1.697e-05  2.902e-06  1.064e-05  7.086e-04  1.824e-05 -1.049e-08 -1.042e-08 -9.628e-09 -9.654e-09 -1.270e-08 -1.270e-08 -8.714e-09 -8.702e-09  2.066e-08  2.054e-08  3.109e-08  3.093e-08  9.669e-08  9.661e-08  9.423e-08  9.421e-08  1.259e-07  1.258e-07  1.271e-07  1.272e-07  2.454e-07  1.085e-06 
 -5.875e-05 -2.885e-05 -3.185e-05 -1.355e-04 -6.276e-05 -5.976e-05 -1.683e-05  1.076e-05 -8.374e-06 -3.101e-06  2.062e-05 
 -5.875e-05 -2.885e-05 -3.185e-05 -1.355e-04 -6.276e-05 -5.976e-05 -1.683e-05  1.076e-05 -8.374e-06 -3.101e-06  2.062e-05  5.414e-06  2.144e-05  7.660e-04  1.641e-05 -1.635e-08 -1.626e-08 -1.518e-08 -1.523e-08 -2.000e-08 -2.001e-08 -1.441e-08 
 -5.875e-05 -2.885e-05 -3.185e-05 -1.355e-04 -6.276e-05 -5.976e-05 -1.683e-05  1.076e-05 -8.374e-06 -3.101e-06  2.062e-05  5.414e-06  2.144e-05  7.660e-04  1.641e-05 -1.635e-08 -1.626e-08 -1.518e-08 -1.523e-08 -2.000e-08 -2.001e-08 -1.441e-08 -1.440e-08  1.938e-09  1.876e-09  2.482e-08  2.471e-08  9.862e-08  9.853e-08  9.549e-08  9.547e-08  1.289e-07  1.288e-07 
 -5.875e-05 -2.885e-05 -3.185e-05 -1.355e-04 -6.276e-05 -5.976e-05 -1.683e-05  1.076e-05 -8.374e-06 -3.101e-06  2.062e-05  5.414e-06  2.144e-05  7.660e-04  1.641e-05 -1.635e-08 -1.626e-08 -1.518e-08 -1.523e-08 -2.000e-08 -2.001e-08 -1.441e-08 -1.440e-08  1.938e-09  1.876e-09  2.482e-08  2.471e-08  9.862e-08  9.853e-08  9.549e-08  9.547e-08  1.289e-07  1.288e-07  1.310e-07  1.310e-07  2.504e-07  2.494e-07  1.228e-06 
 -5.868e-05 -2.880e-05 -3.165e-05 -1.355e-04 -6.275e-05 -5.948e-05 -1.678e-05  1.072e-05 -8.370e-06 -3.126e-06  2.059e-05 
 -5.868e-05 -2.880e-05 -3.165e-05 -1.355e-04 -6.275e-05 -5.948e-05 -1.678e-05  1.072e-05 -8.370e-06 -3.126e-06  2.059e-05  5.377e-06  2.132e-05  7.651e-04  1.651e-05 -1.628e-08 -1.619e-08 -1.511e-08 -1.515e-08 -1.991e-08 -1.992e-08 -1.432e-08 
 -5.868e-05 -2.880e-05 -3.165e-05 -1.355e-04 -6.275e-05 -5.948e-05 -1.678e-05  1.072e-05 -8.370e-06 -3.126e-06  2.059e-05  5.377e-06  2.132e-05  7.651e-04  1.651e-05 -1.628e-08 -1.619e-08 -1.511e-08 -1.515e-08 -1.991e-08 -1.992e-08 -1.432e-08 -1.431e-08  2.267e-09  2.204e-09  2.500e-08  2.489e-08  9.858e-08  9.849e-08  9.545e-08  9.543e-08  1.289e-07  1.288e-07 
 -5.868e-05 -2.880e-05 -3.165e-05 -1.355e-04 -6.275e-05 -5.948e-05 -1.678e-05  1.072e-05 -8.370e-06 -3.126e-06  2.059e-05  5.377e-06  2.132e-05  7.651e-04  1.651e-05 -1.628e-08 -1.619e-08 -1.511e-08 -1.515e-08 -1.991e-08 -1.992e-08 -1.432e-08 -1.431e-08  2.267e-09  2.204e-09  2.500e-08  2.489e-08  9.858e-08  9.849e-08  9.545e-08  9.543e-08  1.289e-07  1.288e-07  1.309e-07  1.310e-07  2.503e-07  2.494e-07  2.605e-07  1.074e-06 
  2.792e-05  1.841e-05  2.506e-05 -7.577e-05 -5.514e-05 -3.388e-05  1.847e-05 -3.148e-05  5.960e-06 -3.741e-05 -2.956e-05 
  2.792e-05  1.841e-05  2.506e-05 -7.577e-05 -5.514e-05 -3.388e-05  1.847e-05 -3.148e-05  5.960e-06 -3.741e-05 -2.956e-05 -1.410e-05 -5.659e-05 -4.649e-04  8.622e-04  6.697e-08  6.694e-08  6.594e-08  6.594e-08  8.072e-08  8.060e-08  7.645e-08 
  2.792e-05  1.841e-05  2.506e-05 -7.577e-05 -5.514e-05 -3.388e-05  1.847e-05 -3.148e-05  5.960e-06 -3.741e-05 -2.956e-05 -1.410e-05 -5.659e-05 -4.649e-04  8.622e-04  6.697e-08  6.694e-08  6.594e-08  6.594e-08  8.072e-08  8.060e-08  7.645e-08  7.650e-08  1.494e-07  1.491e-07  1.301e-07  1.299e-07  3.142e-09  3.170e-09  4.358e-09  4.386e-09 -1.486e-09 -1.462e-09 
  2.792e-05  1.841e-05  2.506e-05 -7.577e-05 -5.514e-05 -3.388e-05  1.847e-05 -3.148e-05  5.960e-06 -3.741e-05 -2.956e-05 -1.410e-05 -5.659e-05 -4.649e-04  8.622e-04  6.697e-08  6.694e-08  6.594e-08  6.594e-08  8.072e-08  8.060e-08  7.645e-08  7.650e-08  1.494e-07  1.491e-07  1.301e-07  1.299e-07  3.142e-09  3.170e-09  4.358e-09  4.386e-09 -1.486e-09 -1.462e-09 -3.242e-09 -3.207e-09 -8.742e-09 -8.671e-09 -1.783e-08 -1.770e-08  4.654e-07 
  2.791e-05  1.841e-05  2.506e-05 -7.584e-05 -5.517e-05 -3.390e-05  1.847e-05 -3.149e-05  5.953e-06 -3.743e-05 -2.957e-05 
  2.791e-05  1.841e-05  2.506e-05 -7.584e-05 -5.517e-05 -3.390e-05  1.847e-05 -3.149e-05  5.953e-06 -3.743e-05 -2.957e-05 -1.410e-05 -5.660e-05 -4.651e-04  8.624e-04  6.699e-08  6.696e-08  6.596e-08  6.596e-08  8.075e-08  8.063e-08  7.648e-08 
  2.791e-05  1.841e-05  2.506e-05 -7.584e-05 -5.517e-05 -3.390e-05  1.847e-05 -3.149e-05  5.953e-06 -3.743e-05 -2.957e-05 -1.410e-05 -5.660e-05 -4.651e-04  8.624e-04  6.699e-08  6.696e-08  6.596e-08  6.596e-08  8.075e-08  8.063e-08  7.648e-08  7.652e-08  1.494e-07  1.491e-07  1.302e-07  1.300e-07  3.146e-09  3.174e-09  4.361e-09  4.389e-09 -1.482e-09 -1.458e-09 
  2.791e-05  1.841e-05  2.506e-05 -7.584e-05 -5.517e-05 -3.390e-05  1.847e-05 -3.149e-05  5.953e-06 -3.743e-05 -2.957e-05 -1.410e-05 -5.660e-05 -4.651e-04  8.624e-04  6.699e-08  6.696e-08  6.596e-08  6.596e-08  8.075e-08  8.063e-08  7.648e-08  7.652e-08  1.494e-07  1.491e-07  1.302e-07  1.300e-07  3.146e-09  3.174e-09  4.361e-09  4.389e-09 -1.482e-09 -1.458e-09 -3.237e-09 -3.203e-09 -8.735e-09 -8.664e-09 -1.782e-08 -1.769e-08  3.358e-07  4.335e-07 
  2.756e-05  1.819e-05  2.476e-05 -7.511e-05 -5.463e-05 -3.358e-05  1.826e-05 -3.115e-05  5.853e-06 -3.702e-05 -2.924e-05 
  2.756e-05  1.819e-05  2.476e-05 -7.511e-05 -5.463e-05 -3.358e-05  1.826e-05 -3.115e-05  5.853e-06 -3.702e-05 -2.924e-05 -1.395e-05 -5.597e-05 -4.599e-04  8.541e-04  6.625e-08  6.621e-08  6.523e-08  6.523e-08  7.986e-08  7.974e-08  7.564e-08 
  2.756e-05  1.819e-05  2.476e-05 -7.511e-05 -5.463e-05 -3.358e-05  1.826e-05 -3.115e-05  5.853e-06 -3.702e-05 -2.924e-05 -1.395e-05 -5.597e-05 -4.599e-04  8.541e-04  6.625e-08  6.621e-08  6.523e-08  6.523e-08  7.986e-08  7.974e-08  7.564e-08  7.568e-08  1.478e-07  1.475e-07  1.287e-07  1.286e-07  3.117e-09  3.145e-09  4.317e-09  4.344e-09 -1.450e-09 -1.427e-09 
  2.756e-05  1.819e-05  2.476e-05 -7.511e-05 -5.463e-05 -3.358e-05  1.826e-05 -3.115e-05  5.853e-06 -3.702e-05 -2.924e-05 -1.395e-05 -5.597e-05 -4.599e-04  8.541e-04  6.625e-08  6.621e-08  6.523e-08  6.523e-08  7.986e-08  7.974e-08  7.564e-08  7.568e-08  1.478e-07  1.475e-07  1.287e-07  1.286e-07  3.117e-09  3.145e-09  4.317e-09  4.344e-09 -1.450e-09 -1.427e-09 -3.184e-09 -3.150e-09 -8.608e-09 -8.538e-09 -1.759e-08 -1.746e-08  3.323e-07  3.324e-07  4.629e-07 
  2.758e-05  1.819e-05  2.476e-05 -7.497e-05 -5.456e-05 -3.353e-05  1.826e-05 -3.113e-05  5.870e-06 -3.700e-05 -2.922e-05 
  2.758e-05  1.819e-05  2.476e-05 -7.497e-05 -5.456e-05 -3.353e-05  1.826e-05 -3.113e-05  5.870e-06 -3.700e-05 -2.922e-05 -1.393e-05 -5.595e-05 -4.596e-04  8.538e-04  6.621e-08  6.617e-08  6.519e-08  6.519e-08  7.981e-08  7.969e-08  7.559e-08 
  2.758e-05  1.819e-05  2.476e-05 -7.497e-05 -5.456e-05 -3.353e-05  1.826e-05 -3.113e-05  5.870e-06 -3.700e-05 -2.922e-05 -1.393e-05 -5.595e-05 -4.596e-04  8.538e-04  6.621e-08  6.617e-08  6.519e-08  6.519e-08  7.981e-08  7.969e-08  7.559e-08  7.564e-08  1.477e-07  1.474e-07  1.287e-07  1.285e-07  3.109e-09  3.137e-09  4.310e-09  4.338e-09 -1.459e-09 -1.435e-09 
  2.758e-05  1.819e-05  2.476e-05 -7.497e-05 -5.456e-05 -3.353e-05  1.826e-05 -3.113e-05  5.870e-06 -3.700e-05 -2.922e-05 -1.393e-05 -5.595e-05 -4.596e-04  8.538e-04  6.621e-08  6.617e-08  6.519e-08  6.519e-08  7.981e-08  7.969e-08  7.559e-08  7.564e-08  1.477e-07  1.474e-07  1.287e-07  1.285e-07  3.109e-09  3.137e-09  4.310e-09  4.338e-09 -1.459e-09 -1.435e-09 -3.193e-09 -3.159e-09 -8.621e-09 -8.551e-09 -1.760e-08 -1.747e-08  3.322e-07  3.323e-07  3.289e-07  4.293e-07 
  3.914e-05  2.568e-05  3.354e-05 -7.554e-05 -6.810e-05 -3.690e-05  2.534e-05 -3.806e-05  9.160e-06 -4.416e-05 -3.665e-05 
  3.914e-05  2.568e-05  3.354e-05 -7.554e-05 -6.810e-05 -3.690e-05  2.534e-05 -3.806e-05  9.160e-06 -4.416e-05 -3.665e-05 -1.593e-05 -7.895e-05 -5.750e-04  1.120e-03  7.735e-08  7.732e-08  7.607e-08  7.610e-08  1.133e-07  1.131e-07  1.073e-07 
  3.914e-05  2.568e-05  3.354e-05 -7.554e-05 -6.810e-05 -3.690e-05  2.534e-05 -3.806e-05  9.160e-06 -4.416e-05 -3.665e-05 -1.593e-05 -7.895e-05 -5.750e-04  1.120e-03  7.735e-08  7.732e-08  7.607e-08  7.610e-08  1.133e-07  1.131e-07  1.073e-07  1.073e-07  1.829e-07  1.826e-07  1.573e-07  1.571e-07  1.323e-09  1.362e-09  3.047e-09  3.078e-09  6.394e-09  6.423e-09 
  3.914e-05  2.568e-05  3.354e-05 -7.554e-05 -6.810e-05 -3.690e-05  2.534e-05 -3.806e-05  9.160e-06 -4.416e-05 -3.665e-05 -1.593e-05 -7.895e-05 -5.750e-04  1.120e-03  7.735e-08  7.732e-08  7.607e-08  7.610e-08  1.133e-07  1.131e-07  1.073e-07  1.073e-07  1.829e-07  1.826e-07  1.573e-07  1.571e-07  1.323e-09  1.362e-09  3.047e-09  3.078e-09  6.394e-09  6.423e-09  3.920e-09  3.988e-09 -1.105e-08 -1.097e-08 -2.323e-08 -2.306e-08  4.262e-07  4.263e-07  4.219e-07  4.218e-07  1.091e-06 
  3.910e-05  2.565e-05  3.351e-05 -7.552e-05 -6.809e-05 -3.688e-05  2.532e-05 -3.803e-05  9.154e-06 -4.413e-05 -3.662e-05 
  3.910e-05  2.565e-05  3.351e-05 -7.552e-05 -6.809e-05 -3.688e-05  2.532e-05 -3.803e-05  9.154e-06 -4.413e-05 -3.662e-05 -1.592e-05 -7.889e-05 -5.746e-04  1.119e-03  7.730e-08  7.726e-08  7.601e-08  7.604e-08  1.132e-07  1.130e-07  1.073e-07 
  3.910e-05  2.565e-05  3.351e-05 -7.552e-05 -6.809e-05 -3.688e-05  2.532e-05 -3.803e-05  9.154e-06 -4.413e-05 -3.662e-05 -1.592e-05 -7.889e-05 -5.746e-04  1.119e-03  7.730e-08  7.726e-08  7.601e-08  7.604e-08  1.132e-07  1.130e-07  1.073e-07  1.073e-07  1.828e-07  1.824e-07  1.572e-07  1.570e-07  1.324e-09  1.363e-09  3.046e-09  3.077e-09  6.393e-09  6.422e-09 
  3.910e-05  2.565e-05  3.351e-05 -7.552e-05 -6.809e-05 -3.688e-05  2.532e-05 -3.803e-05  9.154e-06 -4.413e-05 -3.662e-05 -1.592e-05 -7.889e-05 -5.746e-04  1.119e-03  7.730e-08  7.726e-08  7.601e-08  7.604e-08  1.132e-07  1.130e-07  1.073e-07  1.073e-07  1.828e-07  1.824e-07  1.572e-07  1.570e-07  1.324e-09  1.363e-09  3.046e-09  3.077e-09  6.393e-09  6.422e-09  3.922e-09  3.990e-09 -1.104e-08 -1.095e-08 -2.320e-08 -2.303e-08  4.259e-07  4.260e-07  4.216e-07  4.215e-07  5.595e-07 
  3.910e-05  2.565e-05  3.351e-05 -7.552e-05 -6.809e-05 -3.688e-05  2.532e-05 -3.803e-05  9.154e-06 -4.413e-05 -3.662e-05 -1.592e-05 -7.889e-05 -5.746e-04  1.119e-03  7.730e-08  7.726e-08  7.601e-08  7.604e-08  1.132e-07  1.130e-07  1.073e-07  1.073e-07  1.828e-07  1.824e-07  1.572e-07  1.570e-07  1.324e-09  1.363e-09  3.046e-09  3.077e-09  6.393e-09  6.422e-09  3.922e-09  3.990e-09 -1.104e-08 -1.095e-08 -2.320e-08 -2.303e-08  4.259e-07  4.260e-07  4.216e-07  4.215e-07  5.595e-07  1.013e-06 
  3.860e-05  2.533e-05  3.311e-05 -7.488e-05 -6.741e-05 -3.654e-05  2.502e-05 -3.762e-05  9.027e-06 -4.366e-05 -3.621e-05 
  3.860e-05  2.533e-05  3.311e-05 -7.488e-05 -6.741e-05 -3.654e-05  2.502e-05 -3.762e-05  9.027e-06 -4.366e-05 -3.621e-05 -1.574e-05 -7.797e-05 -5.681e-04  1.109e-03  7.646e-08  7.642e-08  7.519e-08  7.522e-08  1.119e-07  1.117e-07  1.060e-07 
  3.860e-05  2.533e-05  3.311e-05 -7.488e-05 -6.741e-05 -3.654e-05  2.502e-05 -3.762e-05  9.027e-06 -4.366e-05 -3.621e-05 -1.574e-05 -7.797e-05 -5.681e-04  1.109e-03  7.646e-08  7.642e-08  7.519e-08  7.522e-08  1.119e-07  1.117e-07  1.060e-07  1.060e-07  1.808e-07  1.804e-07  1.555e-07  1.553e-07  1.326e-09  1.364e-09  3.026e-09  3.056e-09  6.305e-09  6.333e-09 
  3.860e-05  2.533e-05  3.311e-05 -7.488e-05 -6.741e-05 -3.654e-05  2.502e-05 -3.762e-05  9.027e-06 -4.366e-05 -3.621e-05 -1.574e-05 -7.797e-05 -5.681e-04  1.109e-03  7.646e-08  7.642e-08  7.519e-08  7.522e-08  1.119e-07  1.117e-07  1.060e-07  1.060e-07  1.808e-07  1.804e-07  1.555e-07  1.553e-07  1.326e-09  1.364e-09  3.026e-09  3.056e-09  6.305e-09  6.333e-09  3.864e-09  3.931e-09 -1.088e-08 -1.079e-08 -2.290e-08 -2.273e-08  4.217e-07  4.218e-07  4.175e-07  4.173e-07  5.539e-07 
  3.860e-05  2.533e-05  3.311e-05 -7.488e-05 -6.741e-05 -3.654e-05  2.502e-05 -3.762e-05  9.027e-06 -4.366e-05 -3.621e-05 -1.574e-05 -7.797e-05 -5.681e-04  1.109e-03  7.646e-08  7.642e-08  7.519e-08  7.522e-08  1.119e-07  1.117e-07  1.060e-07  1.060e-07  1.808e-07  1.804e-07  1.555e-07  1.553e-07  1.326e-09  1.364e-09  3.026e-09  3.056e-09  6.305e-09  6.333e-09  3.864e-09  3.931e-09 -1.088e-08 -1.079e-08 -2.290e-08 -2.273e-08  4.217e-07  4.218e-07  4.175e-07  4.173e-07  5.539e-07  5.535e-07  1.097e-06 
  3.859e-05  2.532e-05  3.310e-05 -7.487e-05 -6.740e-05 -3.654e-05  2.501e-05 -3.761e-05  9.022e-06 -4.365e-05 -3.621e-05 
  3.859e-05  2.532e-05  3.310e-05 -7.487e-05 -6.740e-05 -3.654e-05  2.501e-05 -3.761e-05  9.022e-06 -4.365e-05 -3.621e-05 -1.574e-05 -7.796e-05 -5.680e-04  1.108e-03  7.644e-08  7.641e-08  7.517e-08  7.520e-08  1.119e-07  1.117e-07  1.060e-07 
  3.859e-05  2.532e-05  3.310e-05 -7.487e-05 -6.740e-05 -3.654e-05  2.501e-05 -3.761e-05  9.022e-06 -4.365e-05 -3.621e-05 -1.574e-05 -7.796e-05 -5.680e-04  1.108e-03  7.644e-08  7.641e-08  7.517e-08  7.520e-08  1.119e-07  1.117e-07  1.060e-07  1.060e-07  1.808e-07  1.804e-07  1.555e-07  1.552e-07  1.326e-09  1.364e-09  3.025e-09  3.056e-09  6.307e-09  6.335e-09 
  3.859e-05  2.532e-05  3.310e-05 -7.487e-05 -6.740e-05 -3.654e-05  2.501e-05 -3.761e-05  9.022e-06 -4.365e-05 -3.621e-05 -1.574e-05 -7.796e-05 -5.680e-04  1.108e-03  7.644e-08  7.641e-08  7.517e-08  7.520e-08  1.119e-07  1.117e-07  1.060e-07  1.060e-07  1.808e-07  1.804e-07  1.555e-07  1.552e-07  1.326e-09  1.364e-09  3.025e-09  3.056e-09  6.307e-09  6.335e-09  3.867e-09  3.934e-09 -1.088e-08 -1.079e-08 -2.289e-08 -2.272e-08  4.216e-07  4.216e-07  4.174e-07  4.172e-07  5.538e-07 
  3.859e-05  2.532e-05  3.310e-05 -7.487e-05 -6.740e-05 -3.654e-05  2.501e-05 -3.761e-05  9.022e-06 -4.365e-05 -3.621e-05 -1.574e-05 -7.796e-05 -5.680e-04  1.108e-03  7.644e-08  7.641e-08  7.517e-08  7.520e-08  1.119e-07  1.117e-07  1.060e-07  1.060e-07  1.808e-07  1.804e-07  1.555e-07  1.552e-07  1.326e-09  1.364e-09  3.025e-09  3.056e-09  6.307e-09  6.335e-09  3.867e-09  3.934e-09 -1.088e-08 -1.079e-08 -2.289e-08 -2.272e-08  4.216e-07  4.216e-07  4.174e-07  4.172e-07  5.538e-07  5.533e-07  5.479e-07  1.019e-06 
  8.389e-05  5.200e-05  7.782e-05 -8.914e-05 -8.420e-05 -5.274e-05  5.175e-05 -6.480e-05  1.559e-05 -7.238e-05 -6.570e-05 
  8.389e-05  5.200e-05  7.782e-05 -8.914e-05 -8.420e-05 -5.274e-05  5.175e-05 -6.480e-05  1.559e-05 -7.238e-05 -6.570e-05 -2.915e-05 -1.568e-04 -1.037e-03  1.947e-03  1.348e-07  1.347e-07  1.323e-07  1.324e-07  1.700e-07  1.697e-07  1.586e-07 
  8.389e-05  5.200e-05  7.782e-05 -8.914e-05 -8.420e-05 -5.274e-05  5.175e-05 -6.480e-05  1.559e-05 -7.238e-05 -6.570e-05 -2.915e-05 -1.568e-04 -1.037e-03  1.947e-03  1.348e-07  1.347e-07  1.323e-07  1.324e-07  1.700e-07  1.697e-07  1.586e-07  1.587e-07  4.206e-07  4.196e-07  3.610e-07  3.603e-07 -1.097e-09 -1.017e-09  2.634e-09  2.690e-09 -8.114e-09 -8.071e-09 
  8.389e-05  5.200e-05  7.782e-05 -8.914e-05 -8.420e-05 -5.274e-05  5.175e-05 -6.480e-05  1.559e-05 -7.238e-05 -6.570e-05 -2.915e-05 -1.568e-04 -1.037e-03  1.947e-03  1.348e-07  1.347e-07  1.323e-07  1.324e-07  1.700e-07  1.697e-07  1.586e-07  1.587e-07  4.206e-07  4.196e-07  3.610e-07  3.603e-07 -1.097e-09 -1.017e-09  2.634e-09  2.690e-09 -8.114e-09 -8.071e-09 -1.302e-08 -1.296e-08  1.871e-08  1.875e-08 -9.724e-09 -9.239e-09  7.402e-07  7.404e-07  7.329e-07  7.326e-07  9.523e-07 
  8.389e-05  5.200e-05  7.782e-05 -8.914e-05 -8.420e-05 -5.274e-05  5.175e-05 -6.480e-05  1.559e-05 -7.238e-05 -6.570e-05 -2.915e-05 -1.568e-04 -1.037e-03  1.947e-03  1.348e-07  1.347e-07  1.323e-07  1.324e-07  1.700e-07  1.697e-07  1.586e-07  1.587e-07  4.206e-07  4.196e-07  3.610e-07  3.603e-07 -1.097e-09 -1.017e-09  2.634e-09  2.690e-09 -8.114e-09 -8.071e-09 -1.302e-08 -1.296e-08  1.871e-08  1.875e-08 -9.724e-09 -9.239e-09  7.402e-07  7.404e-07  7.329e-07  7.326e-07  9.523e-07  9.516e-07  9.423e-07  9.420e-07  4.776e-06 
  8.371e-05  5.189e-05  7.768e-05 -8.893e-05 -8.401e-05 -5.260e-05  5.165e-05 -6.466e-05  1.555e-05 -7.222e-05 -6.556e-05 
  8.371e-05  5.189e-05  7.768e-05 -8.893e-05 -8.401e-05 -5.260e-05  5.165e-05 -6.466e-05  1.555e-05 -7.222e-05 -6.556e-05 -2.909e-05 -1.565e-04 -1.035e-03  1.943e-03  1.345e-07  1.344e-07  1.320e-07  1.321e-07  1.696e-07  1.694e-07  1.582e-07 
  8.371e-05  5.189e-05  7.768e-05 -8.893e-05 -8.401e-05 -5.260e-05  5.165e-05 -6.466e-05  1.555e-05 -7.222e-05 -6.556e-05 -2.909e-05 -1.565e-04 -1.035e-03  1.943e-03  1.345e-07  1.344e-07  1.320e-07  1.321e-07  1.696e-07  1.694e-07  1.582e-07  1.583e-07  4.198e-07  4.188e-07  3.603e-07  3.596e-07 -1.098e-09 -1.019e-09  2.625e-09  2.681e-09 -8.101e-09 -8.057e-09 
  8.371e-05  5.189e-05  7.768e-05 -8.893e-05 -8.401e-05 -5.260e-05  5.165e-05 -6.466e-05  1.555e-05 -7.222e-05 -6.556e-05 -2.909e-05 -1.565e-04 -1.035e-03  1.943e-03  1.345e-07  1.344e-07  1.320e-07  1.321e-07  1.696e-07  1.694e-07  1.582e-07  1.583e-07  4.198e-07  4.188e-07  3.603e-07  3.596e-07 -1.098e-09 -1.019e-09  2.625e-09  2.681e-09 -8.101e-09 -8.057e-09 -1.300e-08 -1.293e-08  1.870e-08  1.875e-08 -9.672e-09 -9.188e-09  7.385e-07  7.386e-07  7.312e-07  7.309e-07  9.501e-07 
  8.371e-05  5.189e-05  7.768e-05 -8.893e-05 -8.401e-05 -5.260e-05  5.165e-05 -6.466e-05  1.555e-05 -7.222e-05 -6.556e-05 -2.909e-05 -1.565e-04 -1.035e-03  1.943e-03  1.345e-07  1.344e-07  1.320e-07  1.321e-07  1.696e-07  1.694e-07  1.582e-07  1.583e-07  4.198e-07  4.188e-07  3.603e-07  3.596e-07 -1.098e-09 -1.019e-09  2.625e-09  2.681e-09 -8.101e-09 -8.057e-09 -1.300e-08 -1.293e-08  1.870e-08  1.875e-08 -9.672e-09 -9.188e-09  7.385e-07  7.386e-07  7.312e-07  7.309e-07  9.501e-07  9.494e-07  9.401e-07  9.398e-07  1.740e-06  4.289e-06 
  8.308e-05  5.151e-05  7.706e-05 -8.918e-05 -8.397e-05 -5.270e-05  5.130e-05 -6.437e-05  1.545e-05 -7.194e-05 -6.522e-05 
  8.308e-05  5.151e-05  7.706e-05 -8.918e-05 -8.397e-05 -5.270e-05  5.130e-05 -6.437e-05  1.545e-05 -7.194e-05 -6.522e-05 -2.892e-05 -1.555e-04 -1.030e-03  1.938e-03  1.339e-07  1.338e-07  1.314e-07  1.315e-07  1.688e-07  1.686e-07  1.575e-07 
  8.308e-05  5.151e-05  7.706e-05 -8.918e-05 -8.397e-05 -5.270e-05  5.130e-05 -6.437e-05  1.545e-05 -7.194e-05 -6.522e-05 -2.892e-05 -1.555e-04 -1.030e-03  1.938e-03  1.339e-07  1.338e-07  1.314e-07  1.315e-07  1.688e-07  1.686e-07  1.575e-07  1.576e-07  4.172e-07  4.162e-07  3.582e-07  3.575e-07 -1.036e-09 -9.572e-10  2.658e-09  2.714e-09 -7.990e-09 -7.947e-09 
  8.308e-05  5.151e-05  7.706e-05 -8.918e-05 -8.397e-05 -5.270e-05  5.130e-05 -6.437e-05  1.545e-05 -7.194e-05 -6.522e-05 -2.892e-05 -1.555e-04 -1.030e-03  1.938e-03  1.339e-07  1.338e-07  1.314e-07  1.315e-07  1.688e-07  1.686e-07  1.575e-07  1.576e-07  4.172e-07  4.162e-07  3.582e-07  3.575e-07 -1.036e-09 -9.572e-10  2.658e-09  2.714e-09 -7.990e-09 -7.947e-09 -1.285e-08 -1.279e-08  1.848e-08  1.853e-08 -9.668e-09 -9.187e-09  7.362e-07  7.363e-07  7.288e-07  7.286e-07  9.471e-07 
  8.308e-05  5.151e-05  7.706e-05 -8.918e-05 -8.397e-05 -5.270e-05  5.130e-05 -6.437e-05  1.545e-05 -7.194e-05 -6.522e-05 -2.892e-05 -1.555e-04 -1.030e-03  1.938e-03  1.339e-07  1.338e-07  1.314e-07  1.315e-07  1.688e-07  1.686e-07  1.575e-07  1.576e-07  4.172e-07  4.162e-07  3.582e-07  3.575e-07 -1.036e-09 -9.572e-10  2.658e-09  2.714e-09 -7.990e-09 -7.947e-09 -1.285e-08 -1.279e-08  1.848e-08  1.853e-08 -9.668e-09 -9.187e-09  7.362e-07  7.363e-07  7.288e-07  7.286e-07  9.471e-07  9.464e-07  9.371e-07  9.368e-07  1.734e-06  1.730e-06  4.890e-06 
  8.301e-05  5.147e-05  7.697e-05 -8.903e-05 -8.385e-05 -5.264e-05  5.125e-05 -6.430e-05  1.544e-05 -7.186e-05 -6.515e-05 
  8.301e-05  5.147e-05  7.697e-05 -8.903e-05 -8.385e-05 -5.264e-05  5.125e-05 -6.430e-05  1.544e-05 -7.186e-05 -6.515e-05 -2.890e-05 -1.554e-04 -1.029e-03  1.936e-03  1.338e-07  1.337e-07  1.313e-07  1.314e-07  1.686e-07  1.684e-07  1.574e-07 
  8.301e-05  5.147e-05  7.697e-05 -8.903e-05 -8.385e-05 -5.264e-05  5.125e-05 -6.430e-05  1.544e-05 -7.186e-05 -6.515e-05 -2.890e-05 -1.554e-04 -1.029e-03  1.936e-03  1.338e-07  1.337e-07  1.313e-07  1.314e-07  1.686e-07  1.684e-07  1.574e-07  1.575e-07  4.167e-07  4.158e-07  3.578e-07  3.571e-07 -1.037e-09 -9.580e-10  2.655e-09  2.710e-09 -7.984e-09 -7.941e-09 
  8.301e-05  5.147e-05  7.697e-05 -8.903e-05 -8.385e-05 -5.264e-05  5.125e-05 -6.430e-05  1.544e-05 -7.186e-05 -6.515e-05 -2.890e-05 -1.554e-04 -1.029e-03  1.936e-03  1.338e-07  1.337e-07  1.313e-07  1.314e-07  1.686e-07  1.684e-07  1.574e-07  1.575e-07  4.167e-07  4.158e-07  3.578e-07  3.571e-07 -1.037e-09 -9.580e-10  2.655e-09  2.710e-09 -7.984e-09 -7.941e-09 -1.284e-08 -1.278e-08  1.843e-08  1.847e-08 -9.691e-09 -9.211e-09  7.353e-07  7.354e-07  7.280e-07  7.277e-07  9.459e-07 
  8.301e-05  5.147e-05  7.697e-05 -8.903e-05 -8.385e-05 -5.264e-05  5.125e-05 -6.430e-05  1.544e-05 -7.186e-05 -6.515e-05 -2.890e-05 -1.554e-04 -1.029e-03  1.936e-03  1.338e-07  1.337e-07  1.313e-07  1.314e-07  1.686e-07  1.684e-07  1.574e-07  1.575e-07  4.167e-07  4.158e-07  3.578e-07  3.571e-07 -1.037e-09 -9.580e-10  2.655e-09  2.710e-09 -7.984e-09 -7.941e-09 -1.284e-08 -1.278e-08  1.843e-08  1.847e-08 -9.691e-09 -9.211e-09  7.353e-07  7.354e-07  7.280e-07  7.277e-07  9.459e-07  9.452e-07  9.360e-07  9.357e-07  1.732e-06  1.728e-06  1.722e-06  4.405e-06 
 PARAMETER  CORRELATION COEFFICIENTS  
       NO.  GLOBAL      1      2      3      4      5      6      7      8      9     10     11     12     13     14     15     16
        1  0.99845   1.000  0.733  0.639  0.799  0.526  0.398  0.769 -0.100  0.251  0.081 -0.514 -0.237 -0.371 -0.429 -0.036  0.230
        2  0.99403   0.733  1.000  0.566  0.488  0.743  0.280  0.711 -0.187  0.113 -0.048 -0.534 -0.334 -0.349 -0.428 -0.049  0.309
        3  0.98892   0.639  0.566  1.000  0.448  0.360  0.760  0.607 -0.129  0.203 -0.009 -0.434 -0.216 -0.293 -0.348  0.014  0.241
        4  0.99852   0.799  0.488  0.448  1.000  0.722  0.621  0.446  0.480  0.582  0.635  0.078  0.333 -0.112  0.040 -0.079 -0.240
        5  0.99382   0.526  0.743  0.360  0.722  1.000  0.536  0.352  0.461  0.479  0.568  0.120  0.297 -0.045  0.088 -0.103 -0.192
        6  0.98908   0.398  0.280  0.760  0.621  0.536  1.000  0.219  0.466  0.529  0.542  0.193  0.375  0.025  0.149 -0.033 -0.228
        7  0.95980   0.769  0.711  0.607  0.446  0.352  0.219  1.000 -0.332  0.034 -0.059 -0.636 -0.431 -0.580 -0.515 -0.005  0.392
        8  0.97019  -0.100 -0.187 -0.129  0.480  0.461  0.466 -0.332  1.000  0.573  0.881  0.871  0.834  0.329  0.764 -0.078 -0.671
        9  0.89686   0.251  0.113  0.203  0.582  0.479  0.529  0.034  0.573  1.000  0.630  0.382  0.727  0.098  0.294  0.200 -0.384
       10  0.99291   0.081 -0.048 -0.009  0.635  0.568  0.542 -0.059  0.881  0.630  1.000  0.727  0.805  0.098  0.567 -0.085 -0.654
       11  0.99156  -0.514 -0.534 -0.434  0.078  0.120  0.193 -0.636  0.871  0.382  0.727  1.000  0.831  0.451  0.880 -0.050 -0.689
       12  0.97565  -0.237 -0.334 -0.216  0.333  0.297  0.375 -0.431  0.834  0.727  0.805  0.831  1.000  0.362  0.656  0.214 -0.663
       13  0.94216  -0.371 -0.349 -0.293 -0.112 -0.045  0.025 -0.580  0.329  0.098  0.098  0.451  0.362  1.000  0.361 -0.017 -0.035
       14  0.97826  -0.429 -0.428 -0.348  0.040  0.088  0.149 -0.515  0.764  0.294  0.567  0.880  0.656  0.361  1.000 -0.038 -0.544
       15  0.95694  -0.036 -0.049  0.014 -0.079 -0.103 -0.033 -0.005 -0.078  0.200 -0.085 -0.050  0.214 -0.017 -0.038  1.000  0.047
       16  0.82775   0.230  0.309  0.241 -0.240 -0.192 -0.228  0.392 -0.671 -0.384 -0.654 -0.689 -0.663 -0.035 -0.544  0.047  1.000
       17  0.86165   0.238  0.321  0.250 -0.251 -0.201 -0.238  0.407 -0.698 -0.400 -0.681 -0.716 -0.690 -0.036 -0.566  0.049  0.713
                     1.000  0.698  0.729  0.513  0.534  0.479  0.500  0.432  0.456  0.389  0.411  0.034  0.037  0.045  0.048 -0.014
       18  0.81066   0.210  0.293  0.227 -0.249 -0.198 -0.231  0.374 -0.660 -0.383 -0.646 -0.671 -0.650 -0.031 -0.530  0.047  0.671
                     0.698  1.000  0.686  0.482  0.502  0.451  0.470  0.405  0.427  0.366  0.386  0.034  0.037  0.044  0.047 -0.012
       19  0.84632   0.221  0.306  0.237 -0.259 -0.206 -0.241  0.392 -0.689 -0.399 -0.674 -0.701 -0.679 -0.033 -0.553  0.049  0.700
                     0.729  0.686  1.000  0.503  0.524  0.471  0.491  0.423  0.446  0.382  0.403  0.036  0.038  0.046  0.049 -0.012
       20  0.67843   0.194  0.197  0.188 -0.150 -0.224 -0.166  0.295 -0.505 -0.268 -0.496 -0.521 -0.491 -0.011 -0.411  0.045  0.493
                     0.513  0.482  0.503  1.000  0.479  0.436  0.455  0.318  0.335  0.286  0.301  0.010  0.011  0.019  0.020  0.026
       21  0.70660   0.203  0.206  0.196 -0.156 -0.233 -0.172  0.308 -0.526 -0.278 -0.517 -0.542 -0.511 -0.011 -0.428  0.047  0.513
                     0.534  0.502  0.524  0.479  1.000  0.454  0.473  0.331  0.349  0.297  0.314  0.010  0.011  0.020  0.021  0.027
       22  0.64658   0.140  0.124  0.145 -0.181 -0.271 -0.182  0.241 -0.481 -0.270 -0.482 -0.473 -0.458  0.012 -0.372  0.048  0.460
                     0.479  0.451  0.471  0.436  0.454  1.000  0.436  0.293  0.309  0.267  0.282  0.017  0.018  0.023  0.025  0.030
       23  0.67363   0.145  0.129  0.151 -0.189 -0.282 -0.189  0.251 -0.502 -0.281 -0.503 -0.493 -0.477  0.012 -0.388  0.050  0.480
                     0.500  0.470  0.491  0.455  0.473  0.436  1.000  0.306  0.322  0.279  0.294  0.018  0.019  0.024  0.026  0.031
       24  0.61379   0.227  0.253  0.215 -0.065 -0.068 -0.154  0.306 -0.408 -0.205 -0.389 -0.459 -0.417 -0.043 -0.366  0.029  0.415
                     0.432  0.405  0.423  0.318  0.331  0.293  0.306  1.000  0.397  0.340  0.358 -0.006 -0.006  0.005  0.005 -0.020
       25  0.64730   0.240  0.267  0.226 -0.069 -0.071 -0.163  0.323 -0.430 -0.216 -0.410 -0.484 -0.440 -0.046 -0.385  0.031  0.438
                     0.456  0.427  0.446  0.335  0.349  0.309  0.322  0.397  1.000  0.358  0.378 -0.006 -0.006  0.005  0.005 -0.021
       26  0.56913   0.133  0.169  0.070 -0.128 -0.117 -0.259  0.216 -0.383 -0.230 -0.381 -0.390 -0.380 -0.003 -0.311  0.027  0.374
                     0.389  0.366  0.382  0.286  0.297  0.267  0.279  0.340  0.358  1.000  0.342  0.007  0.008  0.014  0.015 -0.008
       27  0.60045   0.141  0.178  0.074 -0.135 -0.124 -0.274  0.228 -0.405 -0.243 -0.402 -0.412 -0.401 -0.003 -0.328  0.028  0.395
                     0.411  0.386  0.403  0.301  0.314  0.282  0.294  0.358  0.378  0.342  1.000  0.008  0.009  0.014  0.015 -0.008
       28  0.73165  -0.141 -0.103 -0.092 -0.165 -0.125 -0.102 -0.094  0.088 -0.093 -0.096  0.167 -0.040  0.036  0.461  0.012  0.033
                     0.034  0.034  0.036  0.010  0.010  0.017  0.018 -0.006 -0.006  0.007  0.008  1.000  0.569  0.535  0.569  0.386
       29  0.77706  -0.149 -0.109 -0.097 -0.175 -0.133 -0.108 -0.100  0.093 -0.099 -0.102  0.177 -0.043  0.038  0.489  0.013  0.035
                     0.037  0.037  0.038  0.011  0.011  0.018  0.019 -0.006 -0.006  0.008  0.009  0.569  1.000  0.569  0.604  0.410
       30  0.73327  -0.097 -0.071 -0.063 -0.130 -0.102 -0.085 -0.060  0.084 -0.082 -0.093  0.146 -0.052  0.020  0.447  0.010  0.043
                     0.045  0.044  0.046  0.019  0.020  0.023  0.024  0.005  0.005  0.014  0.014  0.535  0.569  1.000  0.571  0.385
       31  0.77855  -0.102 -0.075 -0.067 -0.138 -0.109 -0.090 -0.064  0.089 -0.088 -0.099  0.154 -0.055  0.021  0.474  0.011  0.046
                     0.048  0.047  0.049  0.020  0.021  0.025  0.026  0.005  0.005  0.015  0.015  0.569  0.604  0.571  1.000  0.408
       32  0.56020  -0.139 -0.063 -0.083 -0.134 -0.083 -0.075 -0.080  0.082 -0.054 -0.047  0.152 -0.005  0.022  0.365  0.009 -0.014
                    -0.014 -0.012 -0.012  0.026  0.027  0.030  0.031 -0.020 -0.021 -0.008 -0.008  0.386  0.410  0.385  0.408  1.000
       33  0.59013  -0.147 -0.066 -0.088 -0.141 -0.088 -0.079 -0.084  0.086 -0.057 -0.049  0.160 -0.005  0.024  0.384  0.009 -0.015
                    -0.015 -0.012 -0.013  0.028  0.029  0.032  0.033 -0.021 -0.022 -0.008 -0.009  0.407  0.432  0.405  0.430  0.331
                    -0.015 -0.012 -0.013  0.028  0.029  0.032  0.033 -0.021 -0.022 -0.008 -0.009  0.407  0.432  0.405  0.430  0.331  1.000  0.335  0.353  0.236  0.252  0.243  0.260 -0.004 -0.005 -0.004 -0.005  0.013  0.013  0.013  0.013 -0.008
       34  0.56930  -0.166 -0.098 -0.103 -0.152 -0.109 -0.085 -0.105  0.089 -0.059 -0.045  0.171  0.007  0.035  0.382  0.010 -0.025
                    -0.026 -0.022 -0.023  0.019  0.020  0.026  0.027 -0.029 -0.031 -0.014 -0.015  0.393  0.417  0.390  0.414  0.318
                    -0.026 -0.022 -0.023  0.019  0.020  0.026  0.027 -0.029 -0.031 -0.014 -0.015  0.393  0.417  0.390  0.414  0.318  0.335  1.000  0.341  0.229  0.245  0.237  0.254 -0.010 -0.010 -0.009 -0.010  0.008  0.008  0.007  0.008 -0.012
       35  0.59890  -0.174 -0.103 -0.109 -0.160 -0.115 -0.089 -0.110  0.093 -0.062 -0.048  0.180  0.007  0.036  0.402  0.011 -0.026
                    -0.027 -0.023 -0.024  0.021  0.021  0.027  0.028 -0.030 -0.032 -0.015 -0.015  0.413  0.438  0.410  0.435  0.335
                    -0.027 -0.023 -0.024  0.021  0.021  0.027  0.028 -0.030 -0.032 -0.015 -0.015  0.413  0.438  0.410  0.435  0.335  0.353  0.341  1.000  0.241  0.258  0.250  0.267 -0.010 -0.010 -0.010 -0.010  0.008  0.008  0.008  0.008 -0.013
       36  0.44329  -0.134 -0.100 -0.061 -0.115 -0.084 -0.069 -0.081  0.074 -0.042 -0.020  0.142  0.018  0.021  0.299  0.010 -0.031
                    -0.032 -0.028 -0.029 -0.023 -0.024 -0.016 -0.016  0.017  0.018  0.025  0.026  0.296  0.314  0.293  0.311  0.224
                    -0.032 -0.028 -0.029 -0.023 -0.024 -0.016 -0.016  0.017  0.018  0.025  0.026  0.296  0.314  0.293  0.311  0.224  0.236  0.229  0.241  1.000  0.210  0.202  0.216 -0.011 -0.012 -0.011 -0.012 -0.009 -0.010 -0.009 -0.010  0.008
       37  0.47463  -0.144 -0.107 -0.066 -0.124 -0.090 -0.074 -0.087  0.079 -0.045 -0.021  0.152  0.019  0.022  0.320  0.010 -0.033
                    -0.034 -0.030 -0.031 -0.025 -0.026 -0.017 -0.018  0.018  0.019  0.027  0.028  0.317  0.336  0.314  0.333  0.240
                    -0.034 -0.030 -0.031 -0.025 -0.026 -0.017 -0.018  0.018  0.019  0.027  0.028  0.317  0.336  0.314  0.333  0.240  0.252  0.245  0.258  0.210  1.000  0.216  0.231 -0.012 -0.013 -0.012 -0.013 -0.010 -0.010 -0.010 -0.010  0.008
       38  0.46065  -0.181 -0.141 -0.133 -0.148 -0.110 -0.124 -0.125  0.083 -0.056 -0.019  0.174  0.033  0.042  0.325  0.009 -0.048
                    -0.050 -0.044 -0.046 -0.037 -0.038 -0.026 -0.027  0.002  0.002  0.020  0.021  0.304  0.322  0.299  0.317  0.231
                    -0.050 -0.044 -0.046 -0.037 -0.038 -0.026 -0.027  0.002  0.002  0.020  0.021  0.304  0.322  0.299  0.317  0.231  0.243  0.237  0.250  0.202  0.216  1.000  0.227 -0.024 -0.024 -0.023 -0.024 -0.020 -0.021 -0.020 -0.020 -0.004
       39  0.49246  -0.193 -0.151 -0.141 -0.158 -0.118 -0.132 -0.133  0.089 -0.060 -0.021  0.186  0.036  0.044  0.347  0.009 -0.051
                    -0.053 -0.047 -0.049 -0.039 -0.041 -0.028 -0.029  0.002  0.002  0.022  0.023  0.325  0.345  0.320  0.339  0.247
                    -0.053 -0.047 -0.049 -0.039 -0.041 -0.028 -0.029  0.002  0.002  0.022  0.023  0.325  0.345  0.320  0.339  0.247  0.260  0.254  0.267  0.216  0.231  0.227  1.000 -0.025 -0.026 -0.025 -0.026 -0.021 -0.022 -0.021 -0.022 -0.004
       40  0.84934   0.140  0.146  0.170 -0.135 -0.157 -0.114  0.222 -0.396  0.065 -0.377 -0.405 -0.142 -0.178 -0.320  0.740  0.319
                     0.332  0.313  0.326  0.241  0.251  0.226  0.235  0.200  0.211  0.173  0.182  0.016  0.017  0.022  0.024 -0.004
                     0.332  0.313  0.326  0.241  0.251  0.226  0.235  0.200  0.211  0.173  0.182  0.016  0.017  0.022  0.024 -0.004 -0.004 -0.010 -0.010 -0.011 -0.012 -0.024 -0.025  1.000  0.748  0.716  0.743  0.598  0.620  0.590  0.612  0.497
       41  0.88013   0.145  0.152  0.176 -0.140 -0.163 -0.118  0.230 -0.410  0.067 -0.391 -0.420 -0.147 -0.185 -0.332  0.767  0.331
                     0.344  0.324  0.338  0.250  0.260  0.234  0.244  0.207  0.218  0.179  0.189  0.016  0.017  0.023  0.025 -0.004
                     0.344  0.324  0.338  0.250  0.260  0.234  0.244  0.207  0.218  0.179  0.189  0.016  0.017  0.023  0.025 -0.004 -0.005 -0.010 -0.010 -0.012 -0.013 -0.024 -0.026  0.748  1.000  0.742  0.770  0.620  0.643  0.612  0.635  0.515
       42  0.84304   0.138  0.145  0.168 -0.134 -0.156 -0.113  0.220 -0.393  0.064 -0.375 -0.402 -0.140 -0.177 -0.318  0.735  0.317
                     0.330  0.310  0.324  0.239  0.249  0.224  0.233  0.198  0.209  0.171  0.181  0.016  0.017  0.022  0.024 -0.004
                     0.330  0.310  0.324  0.239  0.249  0.224  0.233  0.198  0.209  0.171  0.181  0.016  0.017  0.022  0.024 -0.004 -0.004 -0.009 -0.010 -0.011 -0.012 -0.023 -0.025  0.716  0.742  1.000  0.738  0.594  0.616  0.586  0.608  0.493
       43  0.87509   0.143  0.150  0.175 -0.139 -0.162 -0.117  0.229 -0.407  0.067 -0.389 -0.417 -0.146 -0.184 -0.330  0.763  0.329
                     0.342  0.322  0.336  0.248  0.258  0.232  0.242  0.206  0.217  0.178  0.187  0.016  0.017  0.023  0.024 -0.004
                     0.342  0.322  0.336  0.248  0.258  0.232  0.242  0.206  0.217  0.178  0.187  0.016  0.017  0.023  0.024 -0.004 -0.005 -0.010 -0.010 -0.012 -0.013 -0.024 -0.026  0.743  0.770  0.738  1.000  0.616  0.639  0.608  0.631  0.512
       44  0.71649   0.128  0.133  0.148 -0.088 -0.127 -0.081  0.199 -0.313  0.065 -0.291 -0.328 -0.104 -0.163 -0.259  0.628  0.241
                     0.251  0.236  0.246  0.221  0.230  0.207  0.216  0.160  0.168  0.136  0.144  0.004  0.005  0.010  0.011  0.012
                     0.251  0.236  0.246  0.221  0.230  0.207  0.216  0.160  0.168  0.136  0.144  0.004  0.005  0.010  0.011  0.012  0.013  0.008  0.008 -0.009 -0.010 -0.020 -0.021  0.598  0.620  0.594  0.616  1.000  0.532  0.506  0.525  0.417
       45  0.74290   0.132  0.138  0.154 -0.091 -0.132 -0.084  0.207 -0.324  0.068 -0.302 -0.340 -0.108 -0.169 -0.268  0.651  0.250
                     0.260  0.244  0.255  0.229  0.239  0.215  0.224  0.166  0.175  0.141  0.149  0.004  0.005  0.011  0.011  0.013
                     0.260  0.244  0.255  0.229  0.239  0.215  0.224  0.166  0.175  0.141  0.149  0.004  0.005  0.011  0.011  0.013  0.013  0.008  0.008 -0.010 -0.010 -0.021 -0.022  0.620  0.643  0.616  0.639  0.532  1.000  0.525  0.545  0.433
       46  0.70691   0.126  0.131  0.146 -0.087 -0.125 -0.080  0.196 -0.308  0.064 -0.287 -0.323 -0.103 -0.160 -0.255  0.620  0.237
                     0.247  0.232  0.243  0.218  0.227  0.204  0.213  0.157  0.166  0.134  0.142  0.004  0.005  0.010  0.011  0.012
                     0.247  0.232  0.243  0.218  0.227  0.204  0.213  0.157  0.166  0.134  0.142  0.004  0.005  0.010  0.011  0.012  0.013  0.007  0.008 -0.009 -0.010 -0.020 -0.021  0.590  0.612  0.586  0.608  0.506  0.525  1.000  0.518  0.412
       47  0.73330   0.130  0.136  0.151 -0.090 -0.130 -0.083  0.203 -0.320  0.067 -0.298 -0.335 -0.107 -0.166 -0.265  0.643  0.246
                     0.256  0.241  0.252  0.226  0.235  0.212  0.220  0.163  0.172  0.139  0.147  0.004  0.005  0.010  0.011  0.012
                     0.256  0.241  0.252  0.226  0.235  0.212  0.220  0.163  0.172  0.139  0.147  0.004  0.005  0.010  0.011  0.012  0.013  0.008  0.008 -0.010 -0.010 -0.020 -0.022  0.612  0.635  0.608  0.631  0.525  0.545  0.518  1.000  0.427
       48  0.60438   0.131  0.129  0.164 -0.049 -0.075 -0.055  0.194 -0.254  0.053 -0.228 -0.281 -0.091 -0.154 -0.223  0.522  0.201
                     0.209  0.196  0.205  0.158  0.165  0.146  0.152  0.176  0.185  0.149  0.158 -0.002 -0.002  0.004  0.005 -0.007
                     0.209  0.196  0.205  0.158  0.165  0.146  0.152  0.176  0.185  0.149  0.158 -0.002 -0.002  0.004  0.005 -0.007 -0.008 -0.012 -0.013  0.008  0.008 -0.004 -0.004  0.497  0.515  0.493  0.512  0.417  0.433  0.412  0.427  1.000
       49  0.63627   0.138  0.136  0.173 -0.052 -0.079 -0.058  0.205 -0.268  0.056 -0.240 -0.296 -0.096 -0.162 -0.235  0.549  0.211
                     0.220  0.206  0.215  0.167  0.174  0.154  0.160  0.185  0.195  0.157  0.166 -0.002 -0.002  0.004  0.005 -0.008
                     0.220  0.206  0.215  0.167  0.174  0.154  0.160  0.185  0.195  0.157  0.166 -0.002 -0.002  0.004  0.005 -0.008 -0.008 -0.013 -0.013  0.008  0.009 -0.004 -0.004  0.523  0.542  0.519  0.539  0.439  0.455  0.433  0.450  0.385
                     0.220  0.206  0.215  0.167  0.174  0.154  0.160  0.185  0.195  0.157  0.166 -0.002 -0.002  0.004  0.005 -0.008 -0.008 -0.013 -0.013  0.008  0.009 -0.004 -0.004  0.523  0.542  0.519  0.539  0.439  0.455  0.433  0.450  0.385  1.000  0.378  0.398
       50  0.59380   0.128  0.126  0.161 -0.049 -0.074 -0.055  0.190 -0.250  0.052 -0.224 -0.276 -0.090 -0.151 -0.219  0.513  0.197
                     0.205  0.192  0.201  0.155  0.162  0.144  0.150  0.172  0.181  0.147  0.155 -0.002 -0.002  0.004  0.005 -0.007
                     0.205  0.192  0.201  0.155  0.162  0.144  0.150  0.172  0.181  0.147  0.155 -0.002 -0.002  0.004  0.005 -0.007 -0.008 -0.012 -0.012  0.007  0.008 -0.004 -0.004  0.488  0.506  0.484  0.503  0.410  0.425  0.405  0.420  0.359
                     0.205  0.192  0.201  0.155  0.162  0.144  0.150  0.172  0.181  0.147  0.155 -0.002 -0.002  0.004  0.005 -0.007 -0.008 -0.012 -0.012  0.007  0.008 -0.004 -0.004  0.488  0.506  0.484  0.503  0.410  0.425  0.405  0.420  0.359  0.378  1.000  0.371
       51  0.62484   0.135  0.133  0.169 -0.051 -0.078 -0.058  0.200 -0.263  0.055 -0.236 -0.290 -0.094 -0.159 -0.230  0.540  0.207
                     0.216  0.202  0.211  0.164  0.170  0.151  0.157  0.181  0.191  0.154  0.163 -0.002 -0.002  0.004  0.005 -0.008
                     0.216  0.202  0.211  0.164  0.170  0.151  0.157  0.181  0.191  0.154  0.163 -0.002 -0.002  0.004  0.005 -0.008 -0.008 -0.012 -0.013  0.008  0.008 -0.004 -0.004  0.514  0.532  0.510  0.529  0.432  0.447  0.426  0.442  0.378
                     0.216  0.202  0.211  0.164  0.170  0.151  0.157  0.181  0.191  0.154  0.163 -0.002 -0.002  0.004  0.005 -0.008 -0.008 -0.012 -0.013  0.008  0.008 -0.004 -0.004  0.514  0.532  0.510  0.529  0.432  0.447  0.426  0.442  0.378  0.398  0.371  1.000
